5.40165e-12 0.300054 0.00868932
7.15427e-12 0.300085 0.0185461
9.32188e-12 0.300144 0.0292636
1.17433e-11 0.300234 0.0406646
1.43335e-11 0.300358 0.0526341
1.70443e-11 0.300518 0.065091
1.98457e-11 0.300713 0.0779752
2.27181e-11 0.300941 0.0912402
2.56478e-11 0.301201 0.104849
2.86251e-11 0.301488 0.118772
3.16426e-11 0.301799 0.132985
3.46949e-11 0.302127 0.147468
3.77778e-11 0.302467 0.162203
4.08878e-11 0.30281 0.177176
4.40224e-11 0.30315 0.192375
4.71794e-11 0.303477 0.20779
5.0357e-11 0.303783 0.223412
5.35538e-11 0.304058 0.239233
5.67685e-11 0.304293 0.255248
6.00003e-11 0.304478 0.271449
6.32482e-11 0.304604 0.287834
6.65116e-11 0.304659 0.304397
6.97897e-11 0.304659 0.321136
7.30823e-11 0.304635 0.338048
7.63887e-11 0.30452 0.355131
7.97087e-11 0.304307 0.372383
8.30419e-11 0.303984 0.389804
8.63879e-11 0.303542 0.407391
8.97464e-11 0.302972 0.425145
9.31172e-11 0.302265 0.443066
9.65e-11 0.301413 0.461153
9.98945e-11 0.300407 0.479407
1.033e-10 0.299238 0.497829
1.06717e-10 0.297899 0.51642
1.10145e-10 0.296383 0.535182
1.13584e-10 0.294681 0.554115
1.17033e-10 0.292788 0.573222
1.20491e-10 0.290696 0.592504
1.23959e-10 0.288399 0.611966
1.27436e-10 0.285891 0.631608
1.30921e-10 0.283166 0.651436
1.34414e-10 0.280219 0.671452
1.37914e-10 0.277043 0.69166
1.41421e-10 0.273635 0.712066
1.44934e-10 0.269989 0.732675
1.48452e-10 0.266099 0.753492
1.51974e-10 0.261963 0.774525
1.55499e-10 0.257574 0.795781
1.59026e-10 0.252928 0.817268
1.62553e-10 0.248022 0.838998
1.6608e-10 0.24285 0.860981
1.69604e-10 0.237409 0.883231
1.73124e-10 0.231692 0.905763
1.76637e-10 0.225696 0.928596
1.80141e-10 0.219414 0.951751
1.83634e-10 0.212841 0.975255
1.8711e-10 0.20597 0.999139
1.90567e-10 0.198793 1.02344
1.93999e-10 0.1913 1.04821
1.97399e-10 0.183481 1.0735
2.00757e-10 0.175321 1.09941
2.04062e-10 0.166801 1.12603
2.07316e-10 0.165498 1.15352
2.10495e-10 0.164646 1.18212
2.13555e-10 0.163301 1.21221
2.17674e-10 0.161398 1.24172
2.2246e-10 0.158846 1.26967
2.27189e-10 0.155803 1.29617
2.31839e-10 0.15244 1.32138
2.36416e-10 0.148834 1.34541
2.40929e-10 0.145049 1.36837
2.45387e-10 0.14114 1.39033
2.49799e-10 0.13716 1.41138
2.54176e-10 0.133158 1.43156
2.58525e-10 0.129181 1.45093
2.62856e-10 0.125278 1.4695
2.67179e-10 0.121496 1.48732
2.71505e-10 0.117887 1.5044
2.75848e-10 0.114499 1.52073
2.80225e-10 0.111384 1.53632
2.84662e-10 0.10859 1.55115
2.89195e-10 0.106161 1.56517
2.93886e-10 0.104131 1.57834
2.98857e-10 0.102522 1.59055
3.0439e-10 0.101336 1.60162
3.11524e-10 0.100555 1.61112
3.12401e-10 0.100134 1.61912
3.17067e-10 0.100026 1.62662
3.18265e-10 0.100143 1.63603
3.20238e-10 0.100497 1.64663
3.22645e-10 0.101145 1.6581
3.25317e-10 0.102129 1.67022
3.28171e-10 0.10347 1.68289
3.31155e-10 0.105166 1.69599
3.3424e-10 0.107201 1.70948
3.37405e-10 0.109547 1.72328
3.40636e-10 0.112166 1.73736
3.43923e-10 0.115019 1.75169
3.47259e-10 0.118066 1.76623
3.50637e-10 0.121267 1.78097
3.54054e-10 0.124584 1.79588
3.57506e-10 0.127984 1.81094
3.6099e-10 0.131434 1.82615
3.64504e-10 0.134906 1.84149
3.68045e-10 0.138374 1.85695
3.71613e-10 0.141816 1.87252
3.75205e-10 0.14521 1.88819
3.7882e-10 0.148537 1.90397
3.82457e-10 0.15178 1.91984
3.86115e-10 0.154923 1.93579
3.89793e-10 0.157952 1.95184
3.93491e-10 0.160852 1.96797
3.97206e-10 0.163611 1.98418
4.00939e-10 0.166218 2.00048
4.04688e-10 0.168661 2.01686
4.08453e-10 0.170931 2.03332
4.12233e-10 0.173017 2.04987
4.16027e-10 0.17491 2.0665
4.19834e-10 0.176601 2.08322
4.23654e-10 0.178083 2.10002
4.27485e-10 0.179346 2.11692
4.31326e-10 0.180385 2.13392
4.35187e-10 0.1838 2.15101
4.3908e-10 0.190667 2.16821
4.43006e-10 0.197449 2.18551
4.46965e-10 0.204135 2.20293
4.50957e-10 0.210713 2.22048
4.54984e-10 0.217173 2.23814
4.59044e-10 0.223505 2.25595
4.63139e-10 0.229698 2.2739
4.67268e-10 0.235743 2.292
4.71433e-10 0.241628 2.31026
4.75634e-10 0.247344 2.32871
4.7987e-10 0.25288 2.34733
4.84142e-10 0.258226 2.36617
4.88451e-10 0.263374 2.38522
4.92796e-10 0.268312 2.4045
4.97179e-10 0.273031 2.42405
5.01598e-10 0.277521 2.44388
5.06054e-10 0.281773 2.46402
5.10548e-10 0.285777 2.48451
5.15078e-10 0.289523 2.50538
5.19645e-10 0.293002 2.52669
5.24247e-10 0.296204 2.54849
5.28883e-10 0.29912 2.57087
5.33551e-10 0.301739 2.59391
5.38245e-10 0.30405 2.61777
5.42957e-10 0.306043 2.64265
5.47672e-10 0.307704 2.66886
5.52356e-10 0.309017 2.69701
5.58382e-10 0.309958 2.72453
5.64967e-10 0.310447 2.75058
5.71402e-10 0.310555 2.77528
5.77661e-10 0.310555 2.79883
5.83767e-10 0.310373 2.82136
5.89742e-10 0.309975 2.843
5.95606e-10 0.309421 2.86383
6.01376e-10 0.308756 2.88393
6.07064e-10 0.308018 2.90336
6.12681e-10 0.30724 2.92216
6.18237e-10 0.306447 2.94036
6.23741e-10 0.30566 2.95801
6.29199e-10 0.304897 2.97511
6.3462e-10 0.304171 2.99168
6.4001e-10 0.303494 3.00774
6.45376e-10 0.302872 3.02328
6.50728e-10 0.302313 3.0383
6.56074e-10 0.301818 3.05279
6.61429e-10 0.30139 3.06673
6.66811e-10 0.301029 3.08009
6.72249e-10 0.300731 3.09283
6.77792e-10 0.300495 3.10488
6.83535e-10 0.300315 3.11614
6.89707e-10 0.300187 3.12645
6.97092e-10 0.300103 3.13544
6.99329e-10 0.300058 3.14299
7.05361e-10 0.300044 3.14983
7.07268e-10 0.300054 3.15854
7.10065e-10 0.300086 3.16841
7.13371e-10 0.300145 3.17914
7.17002e-10 0.300236 3.19055
7.20865e-10 0.300361 3.20253
7.24902e-10 0.300521 3.215
7.29078e-10 0.300716 3.22789
7.33369e-10 0.300945 3.24116
7.37758e-10 0.301206 3.25477
7.42232e-10 0.301493 3.2687
7.46783e-10 0.301804 3.28292
7.51403e-10 0.302133 3.29741
7.56085e-10 0.302472 3.31215
7.60826e-10 0.302816 3.32712
7.65622e-10 0.303155 3.34233
7.7047e-10 0.303482 3.35774
7.75366e-10 0.303787 3.37337
7.80309e-10 0.304062 3.38919
7.85298e-10 0.304297 3.40521
7.90329e-10 0.304481 3.42142
7.95402e-10 0.304605 3.4378
8.00515e-10 0.304659 3.45437
8.05668e-10 0.304659 3.47111
8.10859e-10 0.304634 3.48803
8.16088e-10 0.304518 3.50511
8.21352e-10 0.304302 3.52237
8.26652e-10 0.303977 3.53979
8.31986e-10 0.303533 3.55738
8.37353e-10 0.302961 3.57514
8.42751e-10 0.302252 3.59306
8.4818e-10 0.301397 3.61115
8.53639e-10 0.300388 3.62941
8.59125e-10 0.299217 3.64783
8.64639e-10 0.297875 3.66643
8.70177e-10 0.296356 3.68519
8.75739e-10 0.294651 3.70413
8.81322e-10 0.292754 3.72324
8.86926e-10 0.290659 3.74252
8.92548e-10 0.288359 3.76199
8.98185e-10 0.285847 3.78163
9.03837e-10 0.283119 3.80146
9.09501e-10 0.280168 3.82148
9.15174e-10 0.276988 3.84169
9.20854e-10 0.273576 3.8621
9.26538e-10 0.269926 3.88272
9.32223e-10 0.266032 3.90354
9.37907e-10 0.261891 3.92457
9.43586e-10 0.257498 3.94583
9.49257e-10 0.252848 3.96732
9.54916e-10 0.247938 3.98906
9.6056e-10 0.242762 4.01105
9.66185e-10 0.237315 4.0333
9.71786e-10 0.231594 4.05584
9.77359e-10 0.225593 4.07868
9.82899e-10 0.219306 4.10184
9.88401e-10 0.212728 4.12535
9.93859e-10 0.205852 4.14924
9.99265e-10 0.19867 4.17355
1.00461e-09 0.191172 4.19832
1.0099e-09 0.183347 4.22363
1.0151e-09 0.175181 4.24954
1.02021e-09 0.166655 4.27618
1.02533e-09 0.165488 4.30369
1.03043e-09 0.164628 4.33231
1.03551e-09 0.163274 4.36242
1.04162e-09 0.161361 4.39191
1.04823e-09 0.158797 4.41983
1.05466e-09 0.155748 4.44631
1.0609e-09 0.15238 4.4715
1.06696e-09 0.14877 4.49551
1.07285e-09 0.144982 4.51845
1.0786e-09 0.141072 4.5404
1.08421e-09 0.137091 4.56143
1.08971e-09 0.133089 4.5816
1.0951e-09 0.129113 4.60095
1.10041e-09 0.125212 4.61951
1.10564e-09 0.121433 4.63732
1.11081e-09 0.117826 4.65438
1.11593e-09 0.114443 4.6707
1.12104e-09 0.111333 4.68627
1.12615e-09 0.108545 4.70109
1.13131e-09 0.106123 4.7151
1.13659e-09 0.1041 4.72826
1.14209e-09 0.102498 4.74045
1.14811e-09 0.10132 4.75149
1.1557e-09 0.100545 4.76096
1.15681e-09 0.100129 4.76896
1.16178e-09 0.100025 4.77646
1.16338e-09 0.100143 4.78587
1.1658e-09 0.100497 4.79647
1.1687e-09 0.101145 4.80794
1.1719e-09 0.10213 4.82006
1.17531e-09 0.103471 4.83273
1.17887e-09 0.105167 4.84583
1.18257e-09 0.107203 4.85932
1.18638e-09 0.109548 4.87312
1.19028e-09 0.112167 4.8872
1.19427e-09 0.115021 4.90153
1.19833e-09 0.118068 4.91607
1.20247e-09 0.121268 4.93081
1.20668e-09 0.124586 4.94572
1.21096e-09 0.127985 4.96079
1.21529e-09 0.131435 4.97599
1.21969e-09 0.134907 4.99133
1.22415e-09 0.138376 5.00679
1.22866e-09 0.141818 5.02236
1.23323e-09 0.145212 5.03803
1.23785e-09 0.148539 5.05381
1.24252e-09 0.151782 5.06968
1.24724e-09 0.154925 5.08563
1.25201e-09 0.157953 5.10168
1.25683e-09 0.160853 5.11781
1.26169e-09 0.163612 5.13403
1.2666e-09 0.166219 5.15032
1.27154e-09 0.168662 5.1667
1.27653e-09 0.170932 5.18316
1.28155e-09 0.173018 5.19971
1.28661e-09 0.174911 5.21634
1.2917e-09 0.176602 5.23306
1.29683e-09 0.178084 5.24986
1.30199e-09 0.179347 5.26676
1.30717e-09 0.180385 5.28376
1.31241e-09 0.183803 5.30085
1.31774e-09 0.190671 5.31805
1.32317e-09 0.197453 5.33535
1.32869e-09 0.204138 5.35278
1.33432e-09 0.210716 5.37032
1.34004e-09 0.217176 5.38799
1.34586e-09 0.223508 5.40579
1.35179e-09 0.229702 5.42374
1.35781e-09 0.235746 5.44184
1.36395e-09 0.241631 5.46011
1.37018e-09 0.247346 5.47855
1.37653e-09 0.252882 5.49718
1.38299e-09 0.258229 5.51601
1.38955e-09 0.263376 5.53506
1.39623e-09 0.268314 5.55435
1.40303e-09 0.273033 5.57389
1.40994e-09 0.277523 5.59372
1.41698e-09 0.281775 5.61387
1.42415e-09 0.285779 5.63435
1.43144e-09 0.289525 5.65523
1.43887e-09 0.293004 5.67654
1.44645e-09 0.296206 5.69834
1.45417e-09 0.299121 5.72071
1.46207e-09 0.30174 5.74376
1.47013e-09 0.304051 5.76762
1.4784e-09 0.306044 5.79249
1.4869e-09 0.307705 5.81871
1.49567e-09 0.309018 5.84686
1.50573e-09 0.309959 5.87438
1.51615e-09 0.310447 5.90042
1.52625e-09 0.310555 5.92513
1.536e-09 0.310555 5.94867
1.54546e-09 0.310373 5.9712
1.55467e-09 0.309975 5.99284
1.56365e-09 0.309421 6.01367
1.57243e-09 0.308755 6.03377
1.58102e-09 0.308018 6.0532
1.58946e-09 0.30724 6.072
1.59774e-09 0.306447 6.09021
1.60589e-09 0.30566 6.10785
1.61391e-09 0.304897 6.12495
1.62182e-09 0.304171 6.14153
1.62962e-09 0.303493 6.15758
1.63732e-09 0.302872 6.17312
1.64492e-09 0.302312 6.18814
1.65244e-09 0.301818 6.20263
1.6599e-09 0.30139 6.21657
1.66729e-09 0.301029 6.22993
1.67464e-09 0.300731 6.24267
1.682e-09 0.300495 6.25472
1.68945e-09 0.300315 6.26598
1.69717e-09 0.300187 6.27629
1.70592e-09 0.300103 6.28528
1.7093e-09 0.300058 6.29282
1.7093e-09 0.300044 6.29747
