7.87991e-12 30.6061 0.000303874
9.69226e-12 30.6052 0.00064755
1.19002e-11 30.6044 0.00102136
1.43527e-11 30.6036 0.00141988
1.69752e-11 30.6027 0.00183955
1.9726e-11 30.6017 0.00227786
2.25795e-11 30.6008 0.00273296
2.55191e-11 30.5998 0.00320339
2.85339e-11 30.5989 0.00368799
3.16161e-11 30.5979 0.00418582
3.47604e-11 30.597 0.00469608
3.79628e-11 30.596 0.00521811
4.12206e-11 30.5951 0.00575134
4.45318e-11 30.5942 0.00629527
4.7895e-11 30.5933 0.00684948
5.13094e-11 30.5924 0.00741359
5.47742e-11 30.5915 0.00798725
5.82893e-11 30.5907 0.00857019
6.18546e-11 30.5898 0.00916212
6.54703e-11 30.589 0.00976281
6.91365e-11 30.5882 0.010372
7.28538e-11 30.5874 0.0109896
7.66226e-11 30.5867 0.0116154
8.04436e-11 30.5859 0.0122492
8.43175e-11 30.5852 0.0128908
8.82451e-11 30.5845 0.0135402
9.22273e-11 30.5838 0.0141972
9.6265e-11 30.5831 0.0148618
1.00359e-10 30.5824 0.0155337
1.04511e-10 30.5817 0.0162129
1.08721e-10 30.581 0.0168994
1.12992e-10 30.5804 0.0175931
1.17323e-10 30.5797 0.0182938
1.21717e-10 30.5791 0.0190016
1.26174e-10 30.5784 0.0197164
1.30697e-10 30.5778 0.0204381
1.35286e-10 30.5771 0.0211666
1.39943e-10 30.5765 0.021902
1.44669e-10 30.5758 0.0226443
1.49466e-10 30.5751 0.0233932
1.54336e-10 30.5745 0.024149
1.5928e-10 30.5738 0.0249114
1.64301e-10 30.5731 0.0256806
1.69399e-10 30.5725 0.0264564
1.74577e-10 30.5718 0.0272389
1.79836e-10 30.571 0.0280281
1.85179e-10 30.5703 0.0288239
1.90608e-10 30.5696 0.0296263
1.96124e-10 30.5688 0.0304355
2.0173e-10 30.5681 0.0312512
2.07428e-10 30.5673 0.0320736
2.13221e-10 30.5665 0.0329027
2.19109e-10 30.5657 0.0337384
2.25098e-10 30.5648 0.0345808
2.31187e-10 30.5639 0.03543
2.37381e-10 30.5631 0.0362858
2.43681e-10 30.5621 0.0371483
2.50091e-10 30.5612 0.0380176
2.56614e-10 30.5602 0.0388937
2.63252e-10 30.5593 0.0397765
2.70008e-10 30.5582 0.0406662
2.76885e-10 30.5572 0.0415627
2.83887e-10 30.5561 0.0424661
2.91017e-10 30.555 0.0433765
2.98278e-10 30.5539 0.0442938
3.05675e-10 30.5527 0.045218
3.13209e-10 30.5515 0.0461493
3.20886e-10 30.5503 0.0470877
3.28709e-10 30.549 0.0480332
3.36683e-10 30.5478 0.0489858
3.4481e-10 30.5464 0.0499456
3.53097e-10 30.5451 0.0509127
3.61546e-10 30.5437 0.0518872
3.70164e-10 30.5423 0.0528689
3.78953e-10 30.5408 0.0538581
3.8792e-10 30.5393 0.0548548
3.9707e-10 30.5378 0.055859
4.06407e-10 30.5362 0.0568707
4.15937e-10 30.5346 0.0578902
4.25667e-10 30.5329 0.0589174
4.356e-10 30.5312 0.0599523
4.45745e-10 30.5295 0.0609952
4.56107e-10 30.5278 0.0620459
4.66692e-10 30.526 0.0631047
4.77508e-10 30.5241 0.0641716
4.88561e-10 30.5222 0.0652466
4.99858e-10 30.5203 0.0663299
5.11408e-10 30.5184 0.0674216
5.23218e-10 30.5164 0.0685216
5.35296e-10 30.5144 0.0696302
5.4765e-10 30.5123 0.0707474
5.60289e-10 30.5102 0.0718733
5.73223e-10 30.508 0.073008
5.86461e-10 30.5058 0.0741516
6.00012e-10 30.5036 0.0753041
6.13887e-10 30.5013 0.0764658
6.28097e-10 30.499 0.0776367
6.42652e-10 30.4966 0.078817
6.57565e-10 30.4942 0.0800066
6.72846e-10 30.4918 0.0812059
6.88509e-10 30.4893 0.0824148
7.04566e-10 30.4868 0.0836335
7.21032e-10 30.4842 0.0848622
7.37919e-10 30.4816 0.0861009
7.55244e-10 30.4789 0.0873498
7.7302e-10 30.4763 0.0886091
7.91265e-10 30.4735 0.0898788
8.09995e-10 30.4707 0.0911592
8.29226e-10 30.4679 0.0924503
8.48979e-10 30.4651 0.0937524
8.69271e-10 30.4622 0.0950655
8.90122e-10 30.4592 0.0963899
9.11553e-10 30.4562 0.0977257
9.33586e-10 30.4532 0.0990731
9.56244e-10 30.4501 0.100432
9.7955e-10 30.447 0.101803
1.00353e-09 30.4438 0.103187
1.02821e-09 30.4406 0.104582
1.05361e-09 30.4373 0.10599
1.07977e-09 30.434 0.107411
1.10672e-09 30.4307 0.108845
1.13448e-09 30.4273 0.110291
1.16309e-09 30.4238 0.111752
1.19258e-09 30.4203 0.113225
1.223e-09 30.4168 0.114713
1.25437e-09 30.4132 0.116215
1.28675e-09 30.4096 0.117731
1.32016e-09 30.4059 0.119261
1.35466e-09 30.4022 0.120806
1.3903e-09 30.3984 0.122367
1.42711e-09 30.3946 0.123942
1.46516e-09 30.3907 0.125534
1.5045e-09 30.3868 0.127141
1.54518e-09 30.3828 0.128765
1.58727e-09 30.3788 0.130405
1.63084e-09 30.3747 0.132062
1.67594e-09 30.3706 0.133736
1.72265e-09 30.3664 0.135427
1.77105e-09 30.3622 0.137137
1.82122e-09 30.3579 0.138865
1.87325e-09 30.3536 0.140611
1.92721e-09 30.3492 0.142377
1.98322e-09 30.3447 0.144161
2.04136e-09 30.3402 0.145966
2.10175e-09 30.3356 0.147791
2.16451e-09 30.331 0.149636
2.22974e-09 30.3263 0.151503
2.29759e-09 30.3215 0.153391
2.36819e-09 30.3167 0.155302
2.44169e-09 30.3119 0.157235
2.51824e-09 30.3069 0.159191
2.59801e-09 30.3019 0.161171
2.68117e-09 30.2968 0.163175
2.76792e-09 30.2917 0.165204
2.85846e-09 30.2865 0.167258
2.95301e-09 30.2812 0.169339
3.05179e-09 30.2759 0.171446
3.15507e-09 30.2704 0.17358
3.26309e-09 30.2649 0.175743
3.37616e-09 30.2594 0.177934
3.49457e-09 30.2537 0.180155
3.61867e-09 30.248 0.182406
3.7488e-09 30.2421 0.184689
3.88536e-09 30.2362 0.187003
4.02875e-09 30.2303 0.189351
4.17942e-09 30.2242 0.191732
4.33787e-09 30.218 0.194148
4.5046e-09 30.2117 0.1966
4.6802e-09 30.2054 0.19909
4.86527e-09 30.1989 0.201617
5.06049e-09 30.1924 0.204183
5.26659e-09 30.1857 0.20679
5.48435e-09 30.179 0.209438
5.71465e-09 30.1721 0.21213
5.95842e-09 30.1651 0.214866
6.21671e-09 30.158 0.217648
6.49063e-09 30.1508 0.220477
6.78144e-09 30.1434 0.223356
7.0905e-09 30.1359 0.226285
7.4193e-09 30.1283 0.229268
7.76951e-09 30.1206 0.232305
8.14295e-09 30.1127 0.235398
8.54165e-09 30.1047 0.238551
8.96785e-09 30.0965 0.241764
9.42405e-09 30.0881 0.245042
9.91303e-09 30.0796 0.248385
1.04379e-08 30.0709 0.251798
1.10021e-08 30.0621 0.255282
1.16095e-08 30.053 0.258842
1.22646e-08 30.0438 0.26248
1.29722e-08 30.0344 0.2662
1.3738e-08 30.0247 0.270006
1.45683e-08 30.0149 0.273903
1.54704e-08 30.0048 0.277895
1.64524e-08 29.9944 0.281987
1.7524e-08 29.9838 0.286185
1.86961e-08 29.973 0.290495
1.99814e-08 29.9618 0.294924
2.13946e-08 29.9504 0.299478
2.29532e-08 29.9386 0.304168
2.46777e-08 29.9265 0.309001
2.65923e-08 29.9141 0.31399
2.87265e-08 29.9013 0.319147
3.11155e-08 29.888 0.324487
3.3803e-08 29.8743 0.330027
3.68432e-08 29.8601 0.335791
4.03051e-08 29.8454 0.341805
4.42784e-08 29.8301 0.348104
4.88838e-08 29.8141 0.354739
5.42916e-08 29.7974 0.361778
6.07593e-08 29.7797 0.369334
6.87274e-08 29.761 0.377613
7.91622e-08 29.7409 0.387118
9.75777e-08 29.7189 0.401193
1.14061e-07 29.6936 0.411703
1.30678e-07 29.666 0.42087
1.48492e-07 29.638 0.429491
1.68039e-07 29.6136 0.437841
1.89669e-07 29.5906 0.446024
2.13704e-07 29.5684 0.454093
2.40476e-07 29.5466 0.462082
2.70342e-07 29.5251 0.470011
3.03693e-07 29.5038 0.477896
3.40961e-07 29.4827 0.485747
3.82625e-07 29.4616 0.493573
4.29221e-07 29.4407 0.501379
4.81343e-07 29.4198 0.50917
5.39656e-07 29.399 0.516949
6.04902e-07 29.3782 0.524718
6.7791e-07 29.3575 0.532481
7.59605e-07 29.3368 0.540237
8.51021e-07 29.316 0.54799
9.53314e-07 29.2953 0.555739
1.06778e-06 29.2746 0.563485
1.19585e-06 29.2539 0.571229
1.33914e-06 29.2333 0.578972
1.49946e-06 29.2126 0.586714
1.67882e-06 29.1919 0.594454
1.87946e-06 29.1712 0.602194
2.10389e-06 29.1505 0.609934
2.35493e-06 29.1298 0.617673
2.6357e-06 29.1091 0.625412
2.94971e-06 29.0884 0.63315
3.30086e-06 29.0677 0.640889
3.69351e-06 29.047 0.648628
4.13255e-06 29.0263 0.656367
4.62341e-06 29.0056 0.664106
5.17217e-06 28.9849 0.671845
5.78561e-06 28.9642 0.679584
6.4713e-06 28.9435 0.687324
7.2377e-06 28.9228 0.695063
8.09424e-06 28.902 0.702803
9.05145e-06 28.8813 0.710543
1.01211e-05 28.8606 0.718284
1.13162e-05 28.8398 0.726024
1.26515e-05 28.8191 0.733765
1.41433e-05 28.7983 0.741506
1.58098e-05 28.7776 0.749247
1.76712e-05 28.7568 0.756989
1.97503e-05 28.7361 0.76473
2.20724e-05 28.7153 0.772472
2.46655e-05 28.6945 0.780214
2.75612e-05 28.6738 0.787957
3.07944e-05 28.653 0.795699
3.44043e-05 28.6322 0.803442
3.84344e-05 28.6114 0.811185
4.29333e-05 28.5906 0.818929
4.79551e-05 28.5698 0.826672
5.35601e-05 28.549 0.834416
5.98157e-05 28.5282 0.84216
6.67968e-05 28.5074 0.849905
7.45868e-05 28.4866 0.857649
8.3279e-05 28.4658 0.865394
9.29769e-05 28.445 0.873139
0.000103796 28.4241 0.880885
0.000115865 28.4033 0.88863
0.000129328 28.3825 0.896376
0.000144344 28.3616 0.904122
0.000161091 28.3408 0.911869
0.000179767 28.32 0.919615
0.000200592 28.2991 0.927362
0.000223813 28.2782 0.935109
0.000249703 28.2574 0.942857
0.000278566 28.2365 0.950604
0.000310741 28.2156 0.958352
0.000346606 28.1948 0.9661
0.00038658 28.1739 0.973849
0.000431131 28.153 0.981597
0.000480779 28.1321 0.989346
0.000536102 28.1112 0.997095
0.000597746 28.0903 1.00484
0.000666426 28.0694 1.01259
0.000742939 28.0485 1.02034
0.000828173 28.0276 1.02809
0.000923114 28.0067 1.03584
0.00102886 27.9858 1.04359
0.00114663 27.9648 1.05135
0.00127778 27.9439 1.0591
0.00142382 27.923 1.06685
0.00158643 27.902 1.0746
0.00176747 27.8811 1.08235
0.00196902 27.8602 1.0901
0.00219339 27.8392 1.09786
0.00244312 27.8182 1.10561
0.00272109 27.7973 1.11336
0.00303044 27.7763 1.12111
0.00337469 27.7553 1.12887
0.00375776 27.7344 1.13662
0.00418399 27.7134 1.14437
0.0046582 27.6924 1.15213
0.00518576 27.6714 1.15988
0.00577261 27.6504 1.16764
0.00642537 27.6294 1.17539
0.00715139 27.6084 1.18315
0.00795881 27.5874 1.1909
0.00885672 27.5664 1.19866
0.00985515 27.5454 1.20641
0.0109653 27.5244 1.21417
0.0121995 27.5033 1.22193
0.0135716 27.4823 1.22968
0.0150968 27.4613 1.23744
0.0167921 27.4402 1.2452
0.0186764 27.4192 1.25295
0.0207704 27.3981 1.26071
0.0230975 27.3771 1.26847
0.0256832 27.356 1.27623
0.0285561 27.335 1.28399
0.031748 27.3139 1.29174
0.0352938 27.2928 1.2995
0.0392326 27.2717 1.30726
0.0436076 27.2506 1.31502
0.0484666 27.2296 1.32278
0.0538627 27.2085 1.33054
0.059855 27.1874 1.3383
0.0665088 27.1663 1.34606
0.0738963 27.1452 1.35382
0.082098 27.124 1.36158
0.0912029 27.1029 1.36934
0.101309 27.0818 1.3771
0.112527 27.0607 1.38487
0.124977 27.0395 1.39263
0.138794 27.0184 1.40039
0.154126 26.9973 1.40815
0.171138 26.9761 1.41591
0.190013 26.955 1.42368
0.210953 26.9338 1.43144
0.234182 26.9127 1.4392
0.259948 26.8915 1.44697
0.288527 26.8703 1.45473
0.320222 26.8491 1.46249
0.355372 26.828 1.47026
0.394348 26.8068 1.47802
0.437564 26.7856 1.48579
0.485479 26.7644 1.49355
0.538597 26.7432 1.50132
0.59748 26.722 1.50908
0.662749 26.7008 1.51685
0.735089 26.6796 1.52461
0.81526 26.6583 1.53238
0.904104 26.6371 1.54015
1.00255 26.6159 1.54791
1.11163 26.5946 1.55568
1.23248 26.5734 1.56345
1.36635 26.5522 1.57121
1.51465 26.5309 1.57898
1.67892 26.5096 1.58675
1.86085 26.4884 1.59452
2.06232 26.4671 1.60229
2.28544 26.4459 1.61005
2.53249 26.4246 1.61782
2.80602 26.4033 1.62559
3.10885 26.382 1.63336
3.44409 26.3607 1.64113
3.81517 26.3394 1.6489
4.2259 26.3181 1.65667
4.68048 26.2968 1.66444
5.18354 26.2755 1.67221
5.74021 26.2542 1.67998
6.35616 26.2329 1.68775
7.03765 26.2115 1.69553
7.79158 26.1902 1.7033
8.62559 26.1689 1.71107
9.54811 26.1475 1.71884
10.5685 26.1262 1.72661
11.6969 26.1048 1.73439
12.9448 26.0835 1.74216
14.3247 26.0621 1.74993
15.8504 26.0407 1.7577
17.5373 26.0194 1.76548
19.402 25.998 1.77325
21.4634 25.9766 1.78103
23.7419 25.9552 1.7888
26.2602 25.9338 1.79658
29.0432 25.9124 1.80435
32.1186 25.891 1.81212
35.5169 25.8696 1.8199
39.2715 25.8482 1.82768
43.4195 25.8268 1.83545
48.0019 25.8053 1.84323
53.0636 25.7839 1.851
58.6544 25.7625 1.85878
64.829 25.741 1.86656
71.6478 25.7196 1.87433
79.1776 25.6981 1.88211
87.4916 25.6767 1.88989
96.6709 25.6552 1.89767
106.805 25.6337 1.90544
117.991 25.6123 1.91322
130.339 25.5908 1.921
143.967 25.5693 1.92878
159.008 25.5478 1.93656
175.606 25.5263 1.94434
193.92 25.5048 1.95212
214.128 25.4833 1.9599
236.422 25.4618 1.96768
261.016 25.4403 1.97546
288.146 25.4187 1.98324
318.07 25.3972 1.99102
351.073 25.3757 1.9988
387.469 25.3541 2.00658
427.604 25.3326 2.01436
471.858 25.311 2.02214
520.65 25.2895 2.02992
574.44 25.2679 2.03771
633.737 25.2464 2.04549
699.099 25.2248 2.05327
771.139 25.2032 2.06105
850.534 25.1816 2.06884
938.027 25.16 2.07662
1034.44 25.1384 2.0844
1140.66 25.1168 2.09219
1257.7 25.0952 2.09997
1386.63 25.0736 2.10776
1528.65 25.052 2.11554
1685.08 25.0304 2.12333
1857.36 25.0087 2.13111
2047.1 24.9871 2.1389
2256.04 24.9655 2.14668
2486.1 24.9438 2.15447
2739.39 24.9222 2.16225
3018.25 24.9005 2.17004
3325.23 24.8789 2.17783
3663.13 24.8572 2.18561
4035.03 24.8355 2.1934
4444.33 24.8138 2.20119
4894.76 24.7921 2.20898
5390.39 24.7705 2.21676
5935.73 24.7488 2.22455
6535.7 24.7271 2.23234
7195.74 24.7053 2.24013
7921.78 24.6836 2.24792
8720.37 24.6619 2.25571
9598.68 24.6402 2.2635
10564.6 24.6184 2.27128
11626.8 24.5967 2.27907
12794.7 24.575 2.28686
14078.7 24.5532 2.29465
15490.4 24.5315 2.30245
17042.2 24.5097 2.31024
18748 24.4879 2.31803
20622.8 24.4662 2.32582
22683.2 24.4444 2.33361
24947.5 24.4226 2.3414
27435.5 24.4008 2.34919
30169.1 24.379 2.35699
33172.5 24.3572 2.36478
36471.8 24.3354 2.37257
40096 24.3136 2.38036
44076.6 24.2918 2.38816
48448.6 24.2699 2.39595
53249.7 24.2481 2.40374
58521.9 24.2263 2.41154
64310.8 24.2044 2.41933
70666.5 24.1826 2.42713
77643.9 24.1607 2.43492
85303.2 24.1389 2.44272
93710.4 24.117 2.45051
102938 24.0951 2.45831
113064 24.0732 2.4661
124177 24.0513 2.4739
136370 24.0295 2.48169
149749 24.0076 2.48949
164426 23.9857 2.49729
180527 23.9637 2.50508
198189 23.9418 2.51288
217560 23.9199 2.52068
238805 23.898 2.52847
262103 23.876 2.53627
287650 23.8541 2.54407
315661 23.8321 2.55187
346372 23.8102 2.55967
380038 23.7882 2.56747
416942 23.7663 2.57526
457392 23.7443 2.58306
501725 23.7223 2.59086
550309 23.7003 2.59866
603548 23.6783 2.60646
661883 23.6563 2.61426
725795 23.6343 2.62206
795813 23.6123 2.62986
872513 23.5903 2.63767
956526 23.5683 2.64547
1.04854e+06 23.5463 2.65327
1.14931e+06 23.5242 2.66107
1.25966e+06 23.5022 2.66887
1.3805e+06 23.4801 2.67667
1.51279e+06 23.4581 2.68448
1.65763e+06 23.436 2.69228
1.81618e+06 23.4139 2.70008
1.98974e+06 23.3919 2.70789
2.17969e+06 23.3698 2.71569
2.38758e+06 23.3477 2.72349
2.61509e+06 23.3256 2.7313
2.86403e+06 23.3035 2.7391
3.1364e+06 23.2814 2.7469
3.4344e+06 23.2593 2.75471
3.76039e+06 23.2372 2.76251
4.11698e+06 23.2151 2.77032
4.50701e+06 23.1929 2.77812
4.93358e+06 23.1708 2.78593
5.40007e+06 23.1486 2.79374
5.91017e+06 23.1265 2.80154
6.46792e+06 23.1043 2.80935
7.07771e+06 23.0822 2.81715
7.74434e+06 23.06 2.82496
8.47306e+06 23.0378 2.83277
9.26956e+06 23.0156 2.84058
1.01401e+07 22.9934 2.84838
1.10914e+07 22.9712 2.85619
1.2131e+07 22.949 2.864
1.32669e+07 22.9268 2.87181
1.4508e+07 22.9046 2.87962
1.58638e+07 22.8824 2.88742
1.73449e+07 22.8602 2.89523
1.89627e+07 22.8379 2.90304
2.07296e+07 22.8157 2.91085
2.26592e+07 22.7934 2.91866
2.47664e+07 22.7712 2.92647
2.70672e+07 22.7489 2.93428
2.95793e+07 22.7266 2.94209
3.23218e+07 22.7044 2.9499
3.53157e+07 22.6821 2.95771
3.85836e+07 22.6598 2.96552
4.21503e+07 22.6375 2.97334
4.60429e+07 22.6152 2.98115
5.02906e+07 22.5929 2.98896
5.49257e+07 22.5705 2.99677
5.99828e+07 22.5482 3.00458
6.55001e+07 22.5259 3.0124
7.15187e+07 22.5035 3.02021
7.80839e+07 22.4812 3.02802
8.52444e+07 22.4588 3.03584
9.30537e+07 22.4365 3.04365
1.0157e+08 22.4141 3.05146
1.10856e+08 22.3917 3.05928
1.20981e+08 22.3694 3.06709
1.32019e+08 22.347 3.07491
1.44053e+08 22.3246 3.08272
1.5717e+08 22.3022 3.09054
1.71466e+08 22.2798 3.09835
1.87048e+08 22.2573 3.10617
2.04028e+08 22.2349 3.11398
2.2253e+08 22.2125 3.1218
2.4269e+08 22.1901 3.12962
2.64653e+08 22.1676 3.13743
2.8858e+08 22.1452 3.14525
3.14643e+08 22.1227 3.15307
3.4303e+08 22.1002 3.16088
3.73947e+08 22.0778 3.1687
4.07616e+08 22.0553 3.17652
4.44278e+08 22.0328 3.18434
4.84197e+08 22.0103 3.19215
5.27657e+08 21.9878 3.19997
5.74969e+08 21.9653 3.20779
6.26469e+08 21.9428 3.21561
6.82525e+08 21.9202 3.22343
7.43532e+08 21.8977 3.23125
8.09924e+08 21.8752 3.23907
8.82168e+08 21.8526 3.24689
9.60775e+08 21.8301 3.25471
1.0463e+09 21.8075 3.26253
1.13933e+09 21.785 3.27035
1.24053e+09 21.7624 3.27817
1.35061e+09 21.7398 3.28599
1.47033e+09 21.7172 3.29381
1.60052e+09 21.6946 3.30163
1.74209e+09 21.672 3.30946
1.89602e+09 21.6494 3.31728
2.06337e+09 21.6268 3.3251
2.24531e+09 21.6042 3.33292
2.44307e+09 21.5815 3.34075
2.65803e+09 21.5589 3.34857
2.89165e+09 21.5362 3.35639
3.14553e+09 21.5136 3.36422
3.42141e+09 21.4909 3.37204
3.72116e+09 21.4682 3.37986
4.04683e+09 21.4456 3.38769
4.40062e+09 21.4229 3.39551
4.78492e+09 21.4002 3.40334
5.20234e+09 21.3775 3.41116
5.65569e+09 21.3548 3.41899
6.14801e+09 21.332 3.42681
6.68261e+09 21.3093 3.43464
7.26307e+09 21.2866 3.44246
7.89327e+09 21.2639 3.45029
8.5774e+09 21.2411 3.45812
9.32003e+09 21.2183 3.46594
1.01261e+10 21.1956 3.47377
1.10009e+10 21.1728 3.4816
1.19502e+10 21.15 3.48942
1.29804e+10 21.1273 3.49725
1.40981e+10 21.1045 3.50508
1.53107e+10 21.0817 3.51291
1.66262e+10 21.0588 3.52074
1.80532e+10 21.036 3.52857
1.9601e+10 21.0132 3.53639
2.12796e+10 20.9904 3.54422
2.30999e+10 20.9675 3.55205
2.50738e+10 20.9447 3.55988
2.72139e+10 20.9218 3.56771
2.95342e+10 20.899 3.57554
3.20495e+10 20.8761 3.58337
3.4776e+10 20.8532 3.5912
3.77312e+10 20.8303 3.59903
4.09339e+10 20.8074 3.60686
4.44046e+10 20.7845 3.6147
4.81654e+10 20.7616 3.62253
5.22401e+10 20.7387 3.63036
5.66546e+10 20.7158 3.63819
6.14368e+10 20.6928 3.64602
6.66169e+10 20.6699 3.65386
7.22274e+10 20.6469 3.66169
7.83035e+10 20.624 3.66952
8.48834e+10 20.601 3.67735
9.20081e+10 20.578 3.68519
9.97222e+10 20.555 3.69302
1.08073e+11 20.532 3.70086
1.17114e+11 20.509 3.70869
1.269e+11 20.486 3.71652
1.37491e+11 20.463 3.72436
1.48953e+11 20.44 3.73219
1.61356e+11 20.4169 3.74003
1.74777e+11 20.3939 3.74786
1.89298e+11 20.3708 3.7557
2.05007e+11 20.3478 3.76354
2.22e+11 20.3247 3.77137
2.4038e+11 20.3016 3.77921
2.6026e+11 20.2785 3.78705
2.81758e+11 20.2555 3.79488
3.05006e+11 20.2324 3.80272
3.30142e+11 20.2092 3.81056
3.57319e+11 20.1861 3.81839
3.86699e+11 20.163 3.82623
4.18458e+11 20.1399 3.83407
4.52785e+11 20.1167 3.84191
4.89884e+11 20.0936 3.84975
5.29977e+11 20.0704 3.85759
5.733e+11 20.0472 3.86543
6.2011e+11 20.024 3.87326
6.70682e+11 20.0009 3.8811
7.25315e+11 19.9777 3.88894
7.84329e+11 19.9545 3.89678
8.48069e+11 19.9312 3.90462
9.16907e+11 19.908 3.91246
9.91246e+11 19.8848 3.92031
1.07152e+12 19.8616 3.92815
1.15818e+12 19.8383 3.93599
1.25175e+12 19.815 3.94383
1.35276e+12 19.7918 3.95167
1.46178e+12 19.7685 3.95951
1.57946e+12 19.7452 3.96736
1.70645e+12 19.7219 3.9752
1.84349e+12 19.6986 3.98304
1.99136e+12 19.6753 3.99088
2.1509e+12 19.652 3.99873
2.32301e+12 19.6287 4.00657
2.50867e+12 19.6053 4.01441
2.70893e+12 19.582 4.02226
2.92491e+12 19.5586 4.0301
3.15783e+12 19.5353 4.03795
3.409e+12 19.5119 4.04579
3.67981e+12 19.4885 4.05364
3.97179e+12 19.4651 4.06148
4.28654e+12 19.4417 4.06933
4.62583e+12 19.4183 4.07717
4.99152e+12 19.3949 4.08502
5.38564e+12 19.3715 4.09286
5.81037e+12 19.348 4.10071
6.26802e+12 19.3246 4.10856
6.76111e+12 19.3011 4.1164
7.29234e+12 19.2777 4.12425
7.86461e+12 19.2542 4.1321
8.48102e+12 19.2307 4.13995
9.14493e+12 19.2072 4.14779
9.85992e+12 19.1837 4.15564
1.06299e+13 19.1602 4.16349
1.14589e+13 19.1367 4.17134
1.23515e+13 19.1132 4.17919
1.33124e+13 19.0896 4.18704
1.43467e+13 19.0661 4.19489
1.54601e+13 19.0425 4.20274
1.66583e+13 19.019 4.21059
1.79478e+13 18.9954 4.21844
1.93353e+13 18.9718 4.22629
2.08283e+13 18.9482 4.23414
2.24345e+13 18.9246 4.24199
2.41624e+13 18.901 4.24984
2.6021e+13 18.8774 4.25769
2.802e+13 18.8537 4.26554
3.01699e+13 18.8301 4.2734
3.24818e+13 18.8064 4.28125
3.49677e+13 18.7828 4.2891
3.76405e+13 18.7591 4.29695
4.05138e+13 18.7354 4.30481
4.36026e+13 18.7117 4.31266
4.69225e+13 18.688 4.32051
5.04907e+13 18.6643 4.32837
5.43253e+13 18.6406 4.33622
5.84458e+13 18.6168 4.34407
6.28731e+13 18.5931 4.35193
6.76296e+13 18.5694 4.35978
7.27394e+13 18.5456 4.36764
7.82281e+13 18.5218 4.37549
8.41233e+13 18.498 4.38335
9.04545e+13 18.4743 4.3912
9.72533e+13 18.4505 4.39906
1.04554e+14 18.4266 4.40692
1.12392e+14 18.4028 4.41477
1.20806e+14 18.379 4.42263
1.29839e+14 18.3552 4.43049
1.39535e+14 18.3313 4.43834
1.4994e+14 18.3074 4.4462
1.61107e+14 18.2836 4.45406
1.7309e+14 18.2597 4.46192
1.85947e+14 18.2358 4.46977
1.99741e+14 18.2119 4.47763
2.14538e+14 18.188 4.48549
2.30411e+14 18.1641 4.49335
2.47435e+14 18.1401 4.50121
2.65692e+14 18.1162 4.50907
2.8527e+14 18.0922 4.51693
3.06263e+14 18.0683 4.52479
3.28771e+14 18.0443 4.53265
3.529e+14 18.0203 4.54051
3.78766e+14 17.9963 4.54837
4.06489e+14 17.9723 4.55623
4.36202e+14 17.9483 4.56409
4.68044e+14 17.9243 4.57195
5.02163e+14 17.9002 4.57982
5.3872e+14 17.8762 4.58768
5.77885e+14 17.8521 4.59554
6.19841e+14 17.828 4.6034
6.6478e+14 17.804 4.61126
7.12913e+14 17.7799 4.61913
7.64459e+14 17.7558 4.62699
8.19657e+14 17.7317 4.63485
8.78758e+14 17.7075 4.64272
9.42035e+14 17.6834 4.65058
1.00977e+15 17.6593 4.65845
1.08228e+15 17.6351 4.66631
1.15989e+15 17.6109 4.67418
1.24295e+15 17.5868 4.68204
1.33183e+15 17.5626 4.68991
1.42694e+15 17.5384 4.69777
1.52869e+15 17.5142 4.70564
1.63755e+15 17.49 4.7135
1.754e+15 17.4657 4.72137
1.87856e+15 17.4415 4.72924
2.01177e+15 17.4172 4.7371
2.15423e+15 17.393 4.74497
2.30656e+15 17.3687 4.75284
2.46943e+15 17.3444 4.76071
2.64355e+15 17.3201 4.76858
2.82969e+15 17.2958 4.77644
3.02865e+15 17.2715 4.78431
3.2413e+15 17.2471 4.79218
3.46856e+15 17.2228 4.80005
3.7114e+15 17.1984 4.80792
3.97087e+15 17.1741 4.81579
4.24809e+15 17.1497 4.82366
4.54423e+15 17.1253 4.83153
4.86057e+15 17.1009 4.8394
5.19843e+15 17.0765 4.84727
5.55926e+15 17.0521 4.85514
5.94457e+15 17.0276 4.86301
6.356e+15 17.0032 4.87088
6.79526e+15 16.9787 4.87876
7.2642e+15 16.9543 4.88663
7.76477e+15 16.9298 4.8945
8.29904e+15 16.9053 4.90237
8.86925e+15 16.8808 4.91025
9.47774e+15 16.8563 4.91812
1.0127e+16 16.8317 4.92599
1.08198e+16 16.8072 4.93387
1.15588e+16 16.7826 4.94174
1.23472e+16 16.7581 4.94961
1.3188e+16 16.7335 4.95749
1.40849e+16 16.7089 4.96536
1.50412e+16 16.6843 4.97324
1.6061e+16 16.6597 4.98111
1.71483e+16 16.6351 4.98899
1.83075e+16 16.6104 4.99687
1.95432e+16 16.5858 5.00474
2.08603e+16 16.5611 5.01262
2.22641e+16 16.5365 5.02049
2.37601e+16 16.5118 5.02837
2.53542e+16 16.4871 5.03625
2.70527e+16 16.4624 5.04413
2.88622e+16 16.4376 5.052
3.07898e+16 16.4129 5.05988
3.28431e+16 16.3882 5.06776
3.50299e+16 16.3634 5.07564
3.73588e+16 16.3386 5.08352
3.98387e+16 16.3138 5.0914
4.24792e+16 16.2891 5.09928
4.52904e+16 16.2642 5.10716
4.8283e+16 16.2394 5.11504
5.14684e+16 16.2146 5.12292
5.48587e+16 16.1897 5.1308
5.84668e+16 16.1649 5.13868
6.23062e+16 16.14 5.14656
6.63914e+16 16.1151 5.15444
7.07376e+16 16.0902 5.16232
7.53612e+16 16.0653 5.17021
8.02793e+16 16.0404 5.17809
8.55101e+16 16.0155 5.18597
9.1073e+16 15.9905 5.19385
9.69885e+16 15.9656 5.20174
1.03278e+17 15.9406 5.20962
1.09965e+17 15.9156 5.21751
1.17074e+17 15.8906 5.22539
1.24631e+17 15.8656 5.23327
1.32662e+17 15.8406 5.24116
1.41197e+17 15.8155 5.24904
1.50267e+17 15.7905 5.25693
1.59905e+17 15.7654 5.26482
1.70143e+17 15.7403 5.2727
1.8102e+17 15.7152 5.28059
1.92574e+17 15.6901 5.28847
2.04845e+17 15.665 5.29636
2.17877e+17 15.6399 5.30425
2.31716e+17 15.6147 5.31214
2.4641e+17 15.5896 5.32002
2.62011e+17 15.5644 5.32791
2.78572e+17 15.5392 5.3358
2.96151e+17 15.514 5.34369
3.14809e+17 15.4888 5.35158
3.3461e+17 15.4636 5.35947
3.55622e+17 15.4384 5.36736
3.77916e+17 15.4131 5.37525
4.01569e+17 15.3878 5.38314
4.26661e+17 15.3626 5.39103
4.53277e+17 15.3373 5.39892
4.81506e+17 15.312 5.40681
5.11443e+17 15.2866 5.4147
5.43189e+17 15.2613 5.42259
5.76849e+17 15.2359 5.43049
6.12535e+17 15.2106 5.43838
6.50365e+17 15.1852 5.44627
6.90464e+17 15.1598 5.45417
7.32964e+17 15.1344 5.46206
7.78003e+17 15.109 5.46995
8.25729e+17 15.0836 5.47785
8.76297e+17 15.0581 5.48574
9.29871e+17 15.0326 5.49364
9.86623e+17 15.0072 5.50153
1.04674e+18 14.9817 5.50943
1.1104e+18 14.9562 5.51732
1.17783e+18 14.9307 5.52522
1.24922e+18 14.9051 5.53312
1.32481e+18 14.8796 5.54101
1.40484e+18 14.854 5.54891
1.48956e+18 14.8284 5.55681
1.57923e+18 14.8028 5.56471
1.67413e+18 14.7772 5.5726
1.77456e+18 14.7516 5.5805
1.88083e+18 14.726 5.5884
1.99326e+18 14.7003 5.5963
2.11221e+18 14.6747 5.6042
2.23803e+18 14.649 5.6121
2.37112e+18 14.6233 5.62
2.51187e+18 14.5976 5.6279
2.66071e+18 14.5719 5.6358
2.8181e+18 14.5461 5.6437
2.98449e+18 14.5204 5.65161
3.1604e+18 14.4946 5.65951
3.34635e+18 14.4688 5.66741
3.54288e+18 14.443 5.67531
3.75058e+18 14.4172 5.68322
3.97007e+18 14.3914 5.69112
4.20198e+18 14.3655 5.69902
4.44699e+18 14.3397 5.70693
4.70583e+18 14.3138 5.71483
4.97923e+18 14.2879 5.72274
5.26799e+18 14.262 5.73064
5.57294e+18 14.2361 5.73855
5.89495e+18 14.2102 5.74646
6.23495e+18 14.1842 5.75436
6.5939e+18 14.1582 5.76227
6.97282e+18 14.1323 5.77018
7.37277e+18 14.1063 5.77808
7.79489e+18 14.0802 5.78599
8.24034e+18 14.0542 5.7939
8.71038e+18 14.0282 5.80181
9.20631e+18 14.0021 5.80972
9.7295e+18 13.976 5.81763
1.02814e+19 13.9499 5.82554
1.08635e+19 13.9238 5.83345
1.14774e+19 13.8977 5.84136
1.21248e+19 13.8716 5.84927
1.28074e+19 13.8454 5.85718
1.3527e+19 13.8192 5.8651
1.42857e+19 13.7931 5.87301
1.50854e+19 13.7669 5.88092
1.59283e+19 13.7406 5.88883
1.68165e+19 13.7144 5.89675
1.77525e+19 13.6881 5.90466
1.87387e+19 13.6619 5.91258
1.97777e+19 13.6356 5.92049
2.08721e+19 13.6093 5.92841
2.20249e+19 13.583 5.93632
2.32391e+19 13.5566 5.94424
2.45177e+19 13.5303 5.95216
2.58639e+19 13.5039 5.96007
2.72814e+19 13.4775 5.96799
2.87736e+19 13.4511 5.97591
3.03444e+19 13.4247 5.98383
3.19976e+19 13.3983 5.99175
3.37375e+19 13.3718 5.99967
3.55684e+19 13.3454 6.00759
3.74948e+19 13.3189 6.01551
3.95215e+19 13.2924 6.02343
4.16535e+19 13.2659 6.03135
4.38961e+19 13.2393 6.03927
4.62547e+19 13.2128 6.04719
4.8735e+19 13.1862 6.05512
5.13431e+19 13.1596 6.06304
5.40852e+19 13.133 6.07096
5.6968e+19 13.1064 6.07889
5.99982e+19 13.0798 6.08681
6.31832e+19 13.0531 6.09474
6.65304e+19 13.0265 6.10266
7.00478e+19 12.9998 6.11059
7.37436e+19 12.9731 6.11851
7.76263e+19 12.9464 6.12644
8.17052e+19 12.9196 6.13437
8.59895e+19 12.8929 6.1423
9.04891e+19 12.8661 6.15022
9.52144e+19 12.8393 6.15815
1.00176e+20 12.8125 6.16608
1.05386e+20 12.7857 6.17401
1.10855e+20 12.7588 6.18194
1.16595e+20 12.732 6.18988
1.22621e+20 12.7051 6.19781
1.28944e+20 12.6782 6.20574
1.3558e+20 12.6513 6.21367
1.42542e+20 12.6244 6.22161
1.49846e+20 12.5974 6.22954
1.57508e+20 12.5704 6.23747
1.65545e+20 12.5435 6.24541
1.73974e+20 12.5165 6.25334
1.82813e+20 12.4894 6.26128
1.92081e+20 12.4624 6.26922
2.01799e+20 12.4353 6.27715
2.11986e+20 12.4083 6.28509
2.22663e+20 12.3812 6.29303
2.33855e+20 12.3541 6.30097
2.45583e+20 12.3269 6.30891
2.57873e+20 12.2998 6.31685
2.7075e+20 12.2726 6.32479
2.8424e+20 12.2455 6.33273
2.98371e+20 12.2183 6.34067
3.13171e+20 12.191 6.34862
3.28672e+20 12.1638 6.35656
3.44904e+20 12.1366 6.3645
3.619e+20 12.1093 6.37245
3.79693e+20 12.082 6.38039
3.9832e+20 12.0547 6.38834
4.17816e+20 12.0274 6.39628
4.38222e+20 12 6.40423
4.59575e+20 11.9727 6.41218
4.81918e+20 11.9453 6.42013
5.05295e+20 11.9179 6.42808
5.2975e+20 11.8905 6.43603
5.55331e+20 11.863 6.44398
5.82085e+20 11.8356 6.45193
6.10064e+20 11.8081 6.45988
6.39321e+20 11.7806 6.46783
6.6991e+20 11.7531 6.47579
7.01889e+20 11.7256 6.48374
7.35318e+20 11.698 6.49169
7.70257e+20 11.6705 6.49965
8.06771e+20 11.6429 6.50761
8.44927e+20 11.6153 6.51556
8.84794e+20 11.5877 6.52352
9.26444e+20 11.56 6.53148
9.69952e+20 11.5324 6.53944
1.0154e+21 11.5047 6.5474
1.06286e+21 11.477 6.55536
1.11242e+21 11.4493 6.56332
1.16417e+21 11.4216 6.57128
1.2182e+21 11.3938 6.57924
1.2746e+21 11.3661 6.58721
1.33347e+21 11.3383 6.59517
1.39491e+21 11.3105 6.60314
1.45902e+21 11.2827 6.6111
1.52592e+21 11.2548 6.61907
1.59572e+21 11.227 6.62704
1.66854e+21 11.1991 6.63501
1.74449e+21 11.1712 6.64298
1.82371e+21 11.1433 6.65095
1.90632e+21 11.1154 6.65892
1.99246e+21 11.0874 6.66689
2.08227e+21 11.0594 6.67486
2.17589e+21 11.0315 6.68284
2.27349e+21 11.0035 6.69081
2.37521e+21 10.9754 6.69879
2.48121e+21 10.9474 6.70676
2.59167e+21 10.9193 6.71474
2.70675e+21 10.8913 6.72272
2.82665e+21 10.8632 6.7307
2.95154e+21 10.8351 6.73868
3.08161e+21 10.807 6.74666
3.21708e+21 10.7788 6.75465
3.35814e+21 10.7506 6.76263
3.50501e+21 10.7225 6.77061
3.65791e+21 10.6943 6.7786
3.81708e+21 10.6661 6.78658
3.98274e+21 10.6378 6.79457
4.15515e+21 10.6096 6.80256
4.33455e+21 10.5813 6.81055
4.52122e+21 10.553 6.81854
4.71542e+21 10.5247 6.82653
4.91743e+21 10.4964 6.83453
5.12754e+21 10.4681 6.84252
5.34606e+21 10.4397 6.85051
5.57329e+21 10.4114 6.85851
5.80955e+21 10.383 6.86651
6.05518e+21 10.3546 6.87451
6.31051e+21 10.3262 6.88251
6.57591e+21 10.2977 6.89051
6.85172e+21 10.2693 6.89851
7.13834e+21 10.2408 6.90651
7.43615e+21 10.2124 6.91452
7.74554e+21 10.1839 6.92252
8.06694e+21 10.1553 6.93053
8.40077e+21 10.1268 6.93854
8.74747e+21 10.0983 6.94655
9.10749e+21 10.0697 6.95456
9.48131e+21 10.0412 6.96257
9.86941e+21 10.0126 6.97058
1.02723e+22 9.98398 6.9786
1.06905e+22 9.95537 6.98662
1.11245e+22 9.92674 6.99463
1.15748e+22 9.8981 7.00265
1.20421e+22 9.86945 7.01067
1.25269e+22 9.84078 7.01869
1.30298e+22 9.8121 7.02672
1.35515e+22 9.78341 7.03474
1.40925e+22 9.75471 7.04277
1.46535e+22 9.72599 7.05079
1.52352e+22 9.69726 7.05882
1.58383e+22 9.66852 7.06685
1.64635e+22 9.63977 7.07489
1.71115e+22 9.61101 7.08292
1.77831e+22 9.58224 7.09096
1.8479e+22 9.55345 7.09899
1.92002e+22 9.52466 7.10703
1.99473e+22 9.49586 7.11507
2.07212e+22 9.46704 7.12311
2.15229e+22 9.43822 7.13116
2.23531e+22 9.40939 7.1392
2.32129e+22 9.38055 7.14725
2.41031e+22 9.35171 7.1553
2.50248e+22 9.32285 7.16335
2.5979e+22 9.29399 7.1714
2.69665e+22 9.26513 7.17945
2.79887e+22 9.23625 7.18751
2.90464e+22 9.20737 7.19557
3.01408e+22 9.17849 7.20363
3.12732e+22 9.1496 7.21169
3.24445e+22 9.12071 7.21975
3.36562e+22 9.09181 7.22782
3.49093e+22 9.06292 7.23588
3.62052e+22 9.03402 7.24395
3.75451e+22 9.00511 7.25202
3.89305e+22 8.97621 7.2601
4.03626e+22 8.94731 7.26817
4.18429e+22 8.9184 7.27625
4.33729e+22 8.8895 7.28433
4.4954e+22 8.8606 7.29241
4.65878e+22 8.8317 7.3005
4.82757e+22 8.80281 7.30858
5.00195e+22 8.77392 7.31667
5.18207e+22 8.74503 7.32476
5.36811e+22 8.71615 7.33285
5.56023e+22 8.68728 7.34095
5.75861e+22 8.65841 7.34905
5.96343e+22 8.62955 7.35715
6.17489e+22 8.6007 7.36525
6.39316e+22 8.57187 7.37336
6.61844e+22 8.54304 7.38146
6.85094e+22 8.51423 7.38957
7.09085e+22 8.48542 7.39769
7.33839e+22 8.45664 7.4058
7.59377e+22 8.42787 7.41392
7.85721e+22 8.39912 7.42204
8.12893e+22 8.37038 7.43016
8.40916e+22 8.34167 7.43829
8.69814e+22 8.31297 7.44642
8.99611e+22 8.2843 7.45455
9.30331e+22 8.25565 7.46268
9.61999e+22 8.22703 7.47082
9.94642e+22 8.19843 7.47896
1.02829e+23 8.16986 7.48711
1.06296e+23 8.14133 7.49525
1.09868e+23 8.11282 7.5034
1.13549e+23 8.08435 7.51155
1.17341e+23 8.05591 7.51971
1.21248e+23 8.02751 7.52787
1.25271e+23 7.99915 7.53603
1.29415e+23 7.97082 7.5442
1.33682e+23 7.94255 7.55236
1.38076e+23 7.91431 7.56054
1.42599e+23 7.88613 7.56871
1.47256e+23 7.85799 7.57689
1.5205e+23 7.82991 7.58507
1.56983e+23 7.80188 7.59326
1.62061e+23 7.7739 7.60145
1.67286e+23 7.74599 7.60964
1.72662e+23 7.71814 7.61784
1.78194e+23 7.69035 7.62604
1.83884e+23 7.66263 7.63425
1.89738e+23 7.63498 7.64245
1.95758e+23 7.60741 7.65067
2.0195e+23 7.57991 7.65888
2.08317e+23 7.55249 7.6671
2.14864e+23 7.52516 7.67533
2.21595e+23 7.49791 7.68356
2.28516e+23 7.47075 7.69179
2.3563e+23 7.44369 7.70002
2.42942e+23 7.41673 7.70827
2.50458e+23 7.38987 7.71651
2.58181e+23 7.36312 7.72476
2.66118e+23 7.33647 7.73302
2.74274e+23 7.30995 7.74127
2.82653e+23 7.28354 7.74954
2.91262e+23 7.25726 7.75781
3.00105e+23 7.2311 7.76608
3.09189e+23 7.20509 7.77436
3.18519e+23 7.17921 7.78264
3.28101e+23 7.15348 7.79093
3.37942e+23 7.1279 7.79922
3.48047e+23 7.10248 7.80751
3.58424e+23 7.07722 7.81582
3.69078e+23 7.05214 7.82412
3.80016e+23 7.02722 7.83244
3.91245e+23 7.0025 7.84075
4.02772e+23 6.97796 7.84908
4.14604e+23 6.95362 7.8574
4.26749e+23 6.92949 7.86574
4.39214e+23 6.90557 7.87407
4.52007e+23 6.88187 7.88242
4.65136e+23 6.8584 7.89077
4.78609e+23 6.83517 7.89912
4.92434e+23 6.81219 7.90748
5.0662e+23 6.78947 7.91585
5.21175e+23 6.76701 7.92422
5.36109e+23 6.74483 7.9326
5.51431e+23 6.72293 7.94098
5.67151e+23 6.70134 7.94937
5.83278e+23 6.68005 7.95776
5.99822e+23 6.65909 7.96616
6.16793e+23 6.63845 7.97457
6.34204e+23 6.61817 7.98298
6.52063e+23 6.59824 7.9914
6.70383e+23 6.57868 7.99982
6.89175e+23 6.55951 8.00825
7.08451e+23 6.54073 8.01669
7.28224e+23 6.52237 8.02513
7.48506e+23 6.50444 8.03358
7.69311e+23 6.48696 8.04203
7.90651e+23 6.46994 8.05049
8.12541e+23 6.45339 8.05895
8.34995e+23 6.43734 8.06742
8.58029e+23 6.42181 8.07589
8.81657e+23 6.40681 8.08437
9.05896e+23 6.39235 8.09286
9.30762e+23 6.37848 8.10135
9.56271e+23 6.36519 8.10985
9.82443e+23 6.35252 8.11835
1.00929e+24 6.34048 8.12685
1.03684e+24 6.3291 8.13536
1.06511e+24 6.3184 8.14388
1.09412e+24 6.3084 8.1524
1.12388e+24 6.29914 8.16092
1.15443e+24 6.29063 8.16944
1.18578e+24 6.2829 8.17797
1.21796e+24 6.27597 8.18651
1.25099e+24 6.26988 8.19504
1.28489e+24 6.26466 8.20358
1.3197e+24 6.26032 8.21212
1.35544e+24 6.25691 8.22066
1.39213e+24 6.25444 8.2292
1.42982e+24 6.25296 8.23774
1.46852e+24 6.25307 8.24629
1.50828e+24 6.25473 8.25483
1.54913e+24 6.25749 8.26337
1.5911e+24 6.2614 8.27191
1.63423e+24 6.2665 8.28044
1.67856e+24 6.2728 8.28898
1.72412e+24 6.28035 8.29751
1.77097e+24 6.28919 8.30603
1.81913e+24 6.29935 8.31455
1.86865e+24 6.31087 8.32306
1.91958e+24 6.32378 8.33157
1.97197e+24 6.33812 8.34006
2.02586e+24 6.35393 8.34855
2.08131e+24 6.37124 8.35703
2.13837e+24 6.39009 8.36549
2.19709e+24 6.41051 8.37394
2.25753e+24 6.43255 8.38238
2.31976e+24 6.45623 8.3908
2.38382e+24 6.4816 8.39921
2.4498e+24 6.50868 8.4076
2.51774e+24 6.53752 8.41597
2.58773e+24 6.56814 8.42432
2.65984e+24 6.60059 8.43265
2.73414e+24 6.63488 8.44095
2.81071e+24 6.67107 8.44923
2.88963e+24 6.70916 8.45749
2.97099e+24 6.74921 8.46571
3.05488e+24 6.79123 8.47391
3.14138e+24 6.83526 8.48208
3.2306e+24 6.88133 8.49022
3.32264e+24 6.92945 8.49833
3.41759e+24 6.97967 8.50641
3.51558e+24 7.032 8.51445
3.61671e+24 7.08647 8.52245
3.72111e+24 7.1431 8.53042
3.8289e+24 7.20193 8.53835
3.94022e+24 7.26297 8.54624
4.05519e+24 7.32625 8.55409
4.17397e+24 7.39179 8.5619
4.29671e+24 7.45962 8.56967
4.42357e+24 7.52976 8.5774
4.55471e+24 7.60223 8.58509
4.69031e+24 7.67705 8.59273
4.83056e+24 7.75426 8.60033
4.97565e+24 7.83387 8.60788
5.12579e+24 7.91592 8.6154
5.2812e+24 8.00042 8.62286
5.4421e+24 8.08741 8.63028
5.60873e+24 8.17691 8.63766
5.78136e+24 8.26896 8.64499
5.96025e+24 8.36358 8.65228
6.14568e+24 8.46082 8.65952
6.33797e+24 8.5607 8.66672
6.53743e+24 8.66326 8.67387
6.74441e+24 8.76854 8.68098
6.95927e+24 8.87658 8.68805
7.18239e+24 8.98743 8.69507
7.41418e+24 9.10114 8.70205
7.65509e+24 9.21775 8.70899
7.90558e+24 9.33732 8.71589
8.16615e+24 9.4599 8.72274
8.43733e+24 9.58557 8.72956
8.7197e+24 9.71438 8.73634
9.01386e+24 9.8464 8.74307
9.32048e+24 9.98172 8.74978
9.64027e+24 10.1204 8.75644
9.974e+24 10.2626 8.76308
1.03225e+25 10.4083 8.76968
1.06866e+25 10.5576 8.77624
1.10674e+25 10.7107 8.78278
1.14658e+25 10.8677 8.78929
1.18831e+25 11.0288 8.79577
1.23204e+25 11.1939 8.80223
1.27792e+25 11.3634 8.80866
1.32611e+25 11.5374 8.81508
1.37676e+25 11.716 8.82148
1.43006e+25 11.8995 8.82786
1.48623e+25 12.0881 8.83424
1.5455e+25 12.282 8.8406
1.60813e+25 12.4816 8.84697
1.67443e+25 12.6872 8.85334
1.74475e+25 12.8991 8.85972
1.81949e+25 13.1178 8.86611
1.89913e+25 13.3439 8.87253
1.98422e+25 13.5779 8.87899
2.0731e+25 13.8205 8.88533
2.16592e+25 14.0662 8.89156
2.26284e+25 14.3148 8.89767
2.36404e+25 14.5665 8.90368
2.46972e+25 14.8209 8.90958
2.58006e+25 15.0782 8.91538
2.69527e+25 15.3383 8.92108
2.81557e+25 15.601 8.92667
2.94116e+25 15.8664 8.93218
3.07229e+25 16.1343 8.93758
3.20918e+25 16.4047 8.9429
3.35209e+25 16.6776 8.94812
3.50127e+25 16.9527 8.95326
3.65699e+25 17.23 8.95831
3.81952e+25 17.5095 8.96328
3.98916e+25 17.7911 8.96816
4.16621e+25 18.0746 8.97297
4.35097e+25 18.3599 8.97769
4.54377e+25 18.6469 8.98234
4.74493e+25 18.9356 8.98692
4.95481e+25 19.2257 8.99142
5.17377e+25 19.5172 8.99585
5.40216e+25 19.8099 9.00021
5.64038e+25 20.1036 9.00451
5.88882e+25 20.3983 9.00873
6.14789e+25 20.6937 9.01289
6.418e+25 20.9897 9.01699
6.6996e+25 21.2861 9.02103
6.99312e+25 21.5827 9.025
7.29903e+25 21.8793 9.02891
7.6178e+25 22.1758 9.03277
7.94992e+25 22.4719 9.03657
8.29589e+25 22.7674 9.04031
8.65621e+25 23.0621 9.044
9.03141e+25 23.3557 9.04763
9.42203e+25 23.648 9.05121
9.8286e+25 23.9388 9.05474
1.02517e+26 24.2277 9.05822
1.06919e+26 24.5144 9.06165
1.11497e+26 24.7988 9.06503
1.16258e+26 25.0804 9.06837
1.21208e+26 25.359 9.07165
1.26352e+26 25.6343 9.0749
1.31696e+26 25.9058 9.07809
1.37248e+26 26.1733 9.08125
1.43011e+26 26.4364 9.08436
1.48994e+26 26.6947 9.08743
1.55202e+26 26.9478 9.09046
1.61641e+26 27.1954 9.09345
1.68318e+26 27.4369 9.0964
1.75237e+26 27.672 9.09931
1.82406e+26 27.9002 9.10219
1.89829e+26 28.121 9.10502
1.97513e+26 28.334 9.10783
2.05462e+26 28.5387 9.11059
2.13682e+26 28.7346 9.11332
2.22178e+26 28.9211 9.11602
2.30955e+26 29.0977 9.11868
2.40016e+26 29.2639 9.12131
2.49365e+26 29.419 9.12391
2.59006e+26 29.5625 9.12647
2.68942e+26 29.6939 9.12901
2.79174e+26 29.8123 9.13152
2.89705e+26 29.9173 9.13399
3.00536e+26 30.0082 9.13644
3.11666e+26 30.0843 9.13885
3.23096e+26 30.1448 9.14124
3.34823e+26 30.1892 9.14361
3.46846e+26 30.2166 9.14594
3.59161e+26 30.2263 9.14825
3.71767e+26 30.2263 9.15053
3.84664e+26 30.2177 9.15279
3.97846e+26 30.1898 9.15502
4.11306e+26 30.1419 9.15723
4.25035e+26 30.0733 9.15941
4.39024e+26 29.983 9.16157
4.53262e+26 29.8703 9.16371
4.67735e+26 29.7343 9.16582
4.8243e+26 29.5742 9.16792
4.97331e+26 29.3891 9.16999
5.12419e+26 29.178 9.17203
5.27676e+26 28.9403 9.17406
5.4308e+26 28.6749 9.17607
5.58608e+26 28.381 9.17806
5.74235e+26 28.0577 9.18002
5.89934e+26 27.7042 9.18197
6.05677e+26 27.3196 9.1839
6.21432e+26 26.9031 9.18581
6.37167e+26 26.4539 9.1877
6.52847e+26 25.9712 9.18957
6.68437e+26 25.4544 9.19142
6.83899e+26 24.903 9.19326
6.99192e+26 24.3163 9.19508
7.14278e+26 23.694 9.19688
7.29113e+26 23.0359 9.19867
7.43656e+26 22.3421 9.20043
7.57863e+26 21.6128 9.20218
7.71691e+26 20.8487 9.20392
7.85097e+26 20.0511 9.20564
7.98038e+26 19.2216 9.20734
8.10474e+26 18.3629 9.20902
8.22368e+26 17.4788 9.21069
8.33685e+26 16.5746 9.21234
8.44396e+26 15.6575 9.21397
8.54478e+26 14.7376 9.21558
8.63917e+26 13.8287 9.21717
8.72711e+26 12.9495 9.21873
8.80865e+26 12.1245 9.22027
8.88396e+26 11.3859 9.22176
8.95307e+26 10.7724 9.2232
9.01519e+26 10.3267 9.22454
9.06871e+26 10.0864 9.22571
9.12532e+26 10.1763 9.22694
9.21325e+26 10.4974 9.22876
9.31024e+26 11.3499 9.23061
9.41939e+26 12.6408 9.23245
9.53886e+26 14.3143 9.23421
9.67157e+26 16.2221 9.23592
9.82048e+26 18.3189 9.23759
9.98803e+26 20.5865 9.23923
1.01765e+27 23.0106 9.24085
1.03882e+27 25.5813 9.24246
1.06256e+27 28.292 9.24406
1.08915e+27 31.1385 9.24565
1.11887e+27 34.1189 9.24723
1.15209e+27 37.2323 9.2488
1.18917e+27 40.4791 9.25036
1.23058e+27 43.8606 9.25193
1.27682e+27 47.3785 9.25348
1.32849e+27 51.0354 9.25504
1.38629e+27 54.8345 9.25659
1.45103e+27 58.7792 9.25814
1.52369e+27 62.8736 9.2597
1.60542e+27 67.1225 9.26125
1.69759e+27 71.531 9.26282
1.80185e+27 76.1054 9.26438
1.92022e+27 80.8524 9.26596
2.05517e+27 85.78 9.26754
2.20976e+27 90.8975 9.26913
2.38783e+27 96.2159 9.27075
2.59428e+27 101.749 9.27238
2.83548e+27 107.512 9.27403
3.11987e+27 113.528 9.27571
3.45902e+27 119.823 9.27744
3.86946e+27 126.435 9.27921
4.36026e+27 133.422 9.281
4.92533e+27 140.649 9.28273
5.57766e+27 147.804 9.28442
6.33333e+27 154.894 9.28606
7.21149e+27 161.929 9.28766
8.23505e+27 168.915 9.28923
9.43155e+27 175.855 9.29077
1.08342e+28 182.748 9.29229
1.2483e+28 189.592 9.29379
1.44267e+28 196.386 9.29526
1.67245e+28 203.126 9.29671
1.94484e+28 209.806 9.29815
2.26866e+28 216.423 9.29958
2.65471e+28 222.97 9.30099
3.11627e+28 229.442 9.30238
3.66973e+28 235.833 9.30377
4.33533e+28 242.136 9.30515
5.13818e+28 248.344 9.30651
6.10954e+28 254.45 9.30788
7.28634e+28 260.447 9.30923
8.70804e+28 266.317 9.31057
1.04294e+29 272.025 9.31189
1.25185e+29 277.568 9.31321
1.50595e+29 282.941 9.31451
1.81574e+29 288.142 9.31581
2.19432e+29 293.166 9.31711
2.65803e+29 298.007 9.31839
3.22739e+29 302.662 9.31967
3.92815e+29 307.123 9.32095
4.79275e+29 311.386 9.32223
5.86216e+29 315.444 9.32351
7.18829e+29 319.291 9.32479
8.83706e+29 322.92 9.32607
1.08925e+30 326.324 9.32735
1.34619e+30 329.497 9.32863
1.66831e+30 332.43 9.32992
2.07334e+30 335.115 9.33122
2.5842e+30 337.545 9.33253
3.23065e+30 339.711 9.33384
4.0515e+30 341.605 9.33517
5.09764e+30 343.215 9.3365
6.43617e+30 344.532 9.33786
8.15615e+30 345.546 9.33923
1.03767e+31 346.243 9.34062
1.32586e+31 346.61 9.34203
1.7021e+31 346.632 9.34347
2.1972e+31 346.632 9.34495
2.85426e+31 346.291 9.34646
3.69805e+31 345.567 9.34796
4.74307e+31 344.434 9.3494
6.03356e+31 342.927 9.35081
7.62299e+31 341.119 9.35218
9.57506e+31 339.038 9.35352
1.19657e+32 336.704 9.35485
1.48852e+32 334.136 9.35615
1.84413e+32 331.346 9.35745
2.2762e+32 328.347 9.35873
2.79998e+32 325.151 9.36
3.43361e+32 321.766 9.36127
4.19869e+32 318.202 9.36253
5.12103e+32 314.464 9.3638
6.23147e+32 310.56 9.36506
7.56708e+32 306.494 9.36633
9.17262e+32 302.27 9.3676
1.11025e+33 297.89 9.36888
1.34238e+33 293.355 9.37018
1.62199e+33 288.665 9.37149
1.95972e+33 283.814 9.37282
2.3695e+33 278.797 9.37418
2.87042e+33 273.599 9.37559
3.49049e+33 268.201 9.37704
4.27596e+33 262.569 9.37859
5.32389e+33 256.64 9.3803
6.67685e+33 250.298 9.38211
8.34969e+33 243.241 9.38395
9.99602e+33 235.734 9.38547
1.1709e+34 228.102 9.38686
1.35358e+34 221.775 9.38817
1.54951e+34 216.052 9.38942
1.75976e+34 210.685 9.39063
1.98514e+34 205.582 9.3918
2.2263e+34 200.694 9.39294
2.48379e+34 195.989 9.39406
2.75809e+34 191.446 9.39515
3.04961e+34 187.05 9.39623
3.35874e+34 182.788 9.39728
3.68578e+34 178.651 9.39832
4.03101e+34 174.63 9.39935
4.39467e+34 170.721 9.40036
4.77695e+34 166.916 9.40136
5.178e+34 163.211 9.40235
5.59792e+34 159.602 9.40333
6.03679e+34 156.085 9.40429
6.49464e+34 152.656 9.40525
6.97147e+34 149.313 9.4062
7.46723e+34 146.053 9.40714
7.98185e+34 142.874 9.40807
8.51523e+34 139.772 9.409
9.06721e+34 136.745 9.40992
9.63763e+34 133.792 9.41083
1.02263e+35 130.911 9.41174
1.0833e+35 128.099 9.41263
1.14574e+35 125.355 9.41353
1.20993e+35 122.677 9.41442
1.27584e+35 120.064 9.4153
1.34343e+35 117.514 9.41618
1.41267e+35 115.025 9.41705
1.48353e+35 112.596 9.41792
1.55597e+35 110.226 9.41879
1.62995e+35 107.913 9.41965
1.70542e+35 105.657 9.42051
1.78236e+35 103.455 9.42136
1.86071e+35 101.306 9.42221
1.94043e+35 99.2107 9.42305
2.02149e+35 97.1662 9.4239
2.10383e+35 95.172 9.42474
2.18742e+35 93.227 9.42557
2.27221e+35 91.33 9.4264
2.35815e+35 89.4802 9.42723
2.4452e+35 87.6766 9.42806
2.53333e+35 85.918 9.42888
2.62248e+35 84.2038 9.42971
2.71261e+35 82.5328 9.43053
2.80369e+35 80.9043 9.43134
2.89567e+35 79.3173 9.43216
2.98851e+35 77.7711 9.43297
3.08218e+35 76.2647 9.43378
3.17663e+35 74.7974 9.43458
3.27183e+35 73.3684 9.43539
3.36775e+35 71.9769 9.43619
3.46434e+35 70.6221 9.43699
3.56157e+35 69.3033 9.43779
3.65942e+35 68.0198 9.43859
3.75786e+35 66.7708 9.43938
3.85685e+35 65.5557 9.44018
3.95636e+35 64.3737 9.44097
4.05638e+35 63.2242 9.44176
4.15688e+35 62.1065 9.44255
4.25782e+35 61.02 9.44333
4.3592e+35 59.964 9.44412
4.461e+35 58.9379 9.4449
4.56318e+35 57.9411 9.44568
4.66575e+35 56.9729 9.44646
4.76868e+35 56.0328 9.44724
4.87195e+35 55.1202 9.44802
4.97556e+35 54.2345 9.44879
5.0795e+35 53.375 9.44957
5.18375e+35 52.5414 9.45034
5.28832e+35 51.7329 9.45111
5.39318e+35 50.9491 9.45189
5.49834e+35 50.1894 9.45265
5.6038e+35 49.4532 9.45342
5.70954e+35 48.7401 9.45419
5.81558e+35 48.0495 9.45496
5.9219e+35 47.3809 9.45572
6.02852e+35 46.7338 9.45648
6.13543e+35 46.1077 9.45725
6.24264e+35 45.502 9.45801
6.35016e+35 44.9164 9.45877
6.45798e+35 44.3502 9.45953
6.56612e+35 43.8031 9.46029
6.67458e+35 43.2745 9.46104
6.78337e+35 42.7641 9.4618
6.8925e+35 42.2712 9.46255
7.00199e+35 41.7955 9.46331
7.11184e+35 41.3365 9.46406
7.22206e+35 40.8938 9.46481
7.33268e+35 40.4669 9.46557
7.44369e+35 40.0553 9.46632
7.55512e+35 39.6588 9.46707
7.66698e+35 39.2767 9.46781
7.77928e+35 38.9088 9.46856
7.89204e+35 38.5546 9.46931
8.00528e+35 38.2137 9.47005
8.119e+35 37.8857 9.4708
8.23324e+35 37.5702 9.47154
8.348e+35 37.2668 9.47228
8.4633e+35 36.9752 9.47303
8.57916e+35 36.6949 9.47377
8.6956e+35 36.4257 9.47451
8.81264e+35 36.1672 9.47525
8.93028e+35 35.9189 9.47599
9.04856e+35 35.6806 9.47672
9.16748e+35 35.452 9.47746
9.28707e+35 35.2326 9.4782
9.40735e+35 35.0222 9.47893
9.52832e+35 34.8206 9.47966
9.65002e+35 34.6272 9.4804
9.77246e+35 34.442 9.48113
9.89566e+35 34.2645 9.48186
1.00196e+36 34.0945 9.48259
1.01444e+36 33.9317 9.48332
1.027e+36 33.7759 9.48405
1.03964e+36 33.6268 9.48478
1.05236e+36 33.4842 9.4855
1.06517e+36 33.3477 9.48623
1.07807e+36 33.2172 9.48695
1.09106e+36 33.0924 9.48768
1.10414e+36 32.9731 9.4884
1.11731e+36 32.8591 9.48912
1.13057e+36 32.7501 9.48984
1.14394e+36 32.6461 9.49056
1.1574e+36 32.5467 9.49128
1.17095e+36 32.4518 9.492
1.18461e+36 32.3612 9.49272
1.19837e+36 32.2747 9.49343
1.21224e+36 32.1922 9.49415
1.2262e+36 32.1134 9.49486
1.24028e+36 32.0383 9.49557
1.25446e+36 31.9667 9.49628
1.26875e+36 31.8984 9.49699
1.28315e+36 31.8333 9.4977
1.29765e+36 31.7712 9.49841
1.31228e+36 31.712 9.49912
1.32701e+36 31.6557 9.49982
1.34185e+36 31.602 9.50053
1.35682e+36 31.5508 9.50123
1.37189e+36 31.5021 9.50193
1.38709e+36 31.4558 9.50263
1.40239e+36 31.4116 9.50333
1.41782e+36 31.3696 9.50403
1.43337e+36 31.3296 9.50472
1.44903e+36 31.2916 9.50542
1.46481e+36 31.2554 9.50611
1.48072e+36 31.2209 9.5068
1.49674e+36 31.1882 9.50749
1.51288e+36 31.1571 9.50818
1.52914e+36 31.1275 9.50887
1.54553e+36 31.0993 9.50955
1.56203e+36 31.0726 9.51024
1.57865e+36 31.0472 9.51092
1.5954e+36 31.0231 9.5116
1.61226e+36 31.0001 9.51228
1.62924e+36 30.9784 9.51295
1.64634e+36 30.9577 9.51363
1.66356e+36 30.9381 9.5143
1.68089e+36 30.9194 9.51497
1.69835e+36 30.9017 9.51564
1.71591e+36 30.8849 9.51631
1.73359e+36 30.869 9.51697
1.75139e+36 30.8539 9.51763
1.76929e+36 30.8396 9.51829
1.78731e+36 30.826 9.51895
1.80543e+36 30.8131 9.5196
1.82365e+36 30.8009 9.52026
1.84198e+36 30.7893 9.52091
1.86041e+36 30.7783 9.52155
1.87894e+36 30.7679 9.5222
1.89757e+36 30.7581 9.52284
1.91628e+36 30.7487 9.52348
1.93509e+36 30.7399 9.52411
1.95398e+36 30.7315 9.52474
1.97294e+36 30.7236 9.52537
1.99199e+36 30.7161 9.526
2.01111e+36 30.709 9.52662
2.03029e+36 30.7022 9.52724
2.04954e+36 30.6959 9.52785
2.06884e+36 30.6898 9.52847
2.08818e+36 30.6841 9.52907
2.10757e+36 30.6787 9.52967
2.127e+36 30.6736 9.53027
2.14645e+36 30.6688 9.53087
2.16592e+36 30.6643 9.53146
2.18539e+36 30.6599 9.53204
2.20487e+36 30.6559 9.53262
2.22433e+36 30.652 9.53319
2.24377e+36 30.6484 9.53376
2.26316e+36 30.6449 9.53432
2.28251e+36 30.6417 9.53488
2.30178e+36 30.6386 9.53543
2.32097e+36 30.6357 9.53597
2.34006e+36 30.633 9.5365
2.35902e+36 30.6304 9.53703
2.37782e+36 30.628 9.53755
2.39646e+36 30.6257 9.53806
2.41488e+36 30.6235 9.53856
2.43306e+36 30.6215 9.53905
2.45096e+36 30.6196 9.53953
2.46853e+36 30.6178 9.53999
2.48571e+36 30.6161 9.54045
2.50243e+36 30.6145 9.54088
2.5186e+36 30.613 9.5413
2.53411e+36 30.6116 9.54171
2.54879e+36 30.6103 9.54208
2.56237e+36 30.6092 9.54243
2.57434e+36 30.6081 9.54273
2.58444e+36 30.6071 9.54299
2.59378e+36 30.6065 9.54323
2.60571e+36 30.6059 9.54353
2.61932e+36 30.6052 9.54387
2.63425e+36 30.6045 9.54424
2.65028e+36 30.6036 9.54463
2.66728e+36 30.6027 9.54505
2.68517e+36 30.6018 9.54549
2.70387e+36 30.6009 9.54594
2.72335e+36 30.5999 9.54641
2.74356e+36 30.5989 9.5469
2.76449e+36 30.598 9.54739
2.78611e+36 30.597 9.5479
2.8084e+36 30.5961 9.54842
2.83136e+36 30.5952 9.54895
2.85498e+36 30.5942 9.5495
2.87925e+36 30.5933 9.55005
2.90416e+36 30.5925 9.55061
2.92972e+36 30.5916 9.55119
2.95592e+36 30.5907 9.55177
2.98277e+36 30.5899 9.55236
3.01026e+36 30.5891 9.55296
3.0384e+36 30.5883 9.55357
3.0672e+36 30.5875 9.55419
3.09666e+36 30.5867 9.55481
3.12679e+36 30.586 9.55544
3.15759e+36 30.5853 9.55608
3.18907e+36 30.5845 9.55673
3.22124e+36 30.5838 9.55739
3.25411e+36 30.5831 9.55805
3.28768e+36 30.5824 9.55872
3.32197e+36 30.5818 9.5594
3.35699e+36 30.5811 9.56009
3.39275e+36 30.5804 9.56078
3.42927e+36 30.5798 9.56148
3.46655e+36 30.5791 9.56219
3.5046e+36 30.5785 9.5629
3.54345e+36 30.5778 9.56362
3.58311e+36 30.5772 9.56435
3.62359e+36 30.5765 9.56509
3.66491e+36 30.5759 9.56583
3.70708e+36 30.5752 9.56658
3.75012e+36 30.5745 9.56733
3.79405e+36 30.5739 9.56809
3.83889e+36 30.5732 9.56886
3.88465e+36 30.5725 9.56964
3.93136e+36 30.5718 9.57042
3.97903e+36 30.5711 9.57121
4.0277e+36 30.5704 9.572
4.07736e+36 30.5697 9.57281
4.12806e+36 30.5689 9.57361
4.17982e+36 30.5681 9.57443
4.23265e+36 30.5674 9.57525
4.28658e+36 30.5665 9.57608
4.34164e+36 30.5657 9.57691
4.39786e+36 30.5649 9.57776
4.45526e+36 30.564 9.57861
4.51387e+36 30.5631 9.57946
4.57372e+36 30.5622 9.58032
4.63483e+36 30.5613 9.58119
4.69725e+36 30.5603 9.58207
4.761e+36 30.5593 9.58295
4.82612e+36 30.5583 9.58384
4.89263e+36 30.5573 9.58473
4.96058e+36 30.5562 9.58564
5.03001e+36 30.5551 9.58655
5.10094e+36 30.554 9.58746
5.17343e+36 30.5528 9.58839
5.2475e+36 30.5516 9.58932
5.32321e+36 30.5504 9.59025
5.40059e+36 30.5492 9.5912
5.47969e+36 30.5479 9.59215
5.56056e+36 30.5466 9.59311
5.64325e+36 30.5452 9.59408
5.72779e+36 30.5438 9.59505
5.81426e+36 30.5424 9.59603
5.90269e+36 30.5409 9.59702
5.99315e+36 30.5394 9.59802
6.08569e+36 30.5379 9.59902
6.18037e+36 30.5363 9.60003
6.27724e+36 30.5347 9.60105
6.37639e+36 30.5331 9.60208
6.47786e+36 30.5314 9.60311
6.58174e+36 30.5297 9.60415
6.68808e+36 30.5279 9.6052
6.79697e+36 30.5261 9.60626
6.90847e+36 30.5243 9.60733
7.02267e+36 30.5224 9.6084
7.13965e+36 30.5205 9.60948
7.25949e+36 30.5186 9.61058
7.38229e+36 30.5166 9.61167
7.50812e+36 30.5145 9.61278
7.6371e+36 30.5125 9.6139
7.76931e+36 30.5104 9.61502
7.90486e+36 30.5082 9.61616
8.04386e+36 30.506 9.6173
8.18641e+36 30.5038 9.61845
8.33264e+36 30.5015 9.61961
8.48265e+36 30.4992 9.62078
8.63659e+36 30.4968 9.62196
8.79456e+36 30.4944 9.62315
8.95672e+36 30.492 9.62435
9.1232e+36 30.4895 9.62556
9.29415e+36 30.487 9.62678
9.46971e+36 30.4844 9.628
9.65006e+36 30.4818 9.62924
9.83535e+36 30.4792 9.63049
1.00258e+37 30.4765 9.63175
1.02215e+37 30.4738 9.63302
1.04227e+37 30.471 9.6343
1.06295e+37 30.4682 9.63559
1.08423e+37 30.4653 9.63689
1.10612e+37 30.4624 9.6382
1.12864e+37 30.4595 9.63952
1.15181e+37 30.4565 9.64086
1.17567e+37 30.4534 9.6422
1.20023e+37 30.4504 9.64356
1.22553e+37 30.4472 9.64493
1.25159e+37 30.4441 9.64631
1.27843e+37 30.4409 9.64771
1.3061e+37 30.4376 9.64912
1.33463e+37 30.4343 9.65053
1.36404e+37 30.431 9.65197
1.39437e+37 30.4276 9.65341
1.42566e+37 30.4241 9.65487
1.45795e+37 30.4207 9.65634
1.49129e+37 30.4171 9.65783
1.5257e+37 30.4135 9.65933
1.56125e+37 30.4099 9.66085
1.59797e+37 30.4062 9.66238
1.63592e+37 30.4025 9.66392
1.67515e+37 30.3988 9.66548
1.71571e+37 30.3949 9.66705
1.75766e+37 30.3911 9.66864
1.80108e+37 30.3872 9.67025
1.84601e+37 30.3832 9.67187
1.89253e+37 30.3792 9.67351
1.94072e+37 30.3751 9.67516
1.99064e+37 30.371 9.67684
2.04238e+37 30.3668 9.67853
2.09603e+37 30.3626 9.68023
2.15168e+37 30.3583 9.68196
2.20941e+37 30.3539 9.68371
2.26934e+37 30.3496 9.68547
2.33158e+37 30.3451 9.68725
2.39622e+37 30.3406 9.68906
2.46341e+37 30.336 9.69088
2.53326e+37 30.3314 9.69272
2.60592e+37 30.3267 9.69459
2.68152e+37 30.322 9.69647
2.76023e+37 30.3172 9.69838
2.8422e+37 30.3123 9.70031
2.92762e+37 30.3074 9.70227
3.01668e+37 30.3024 9.70424
3.10956e+37 30.2973 9.70625
3.20649e+37 30.2922 9.70827
3.3077e+37 30.287 9.71033
3.41342e+37 30.2817 9.7124
3.52393e+37 30.2763 9.71451
3.6395e+37 30.2709 9.71664
3.76043e+37 30.2654 9.7188
3.88704e+37 30.2599 9.72099
4.01969e+37 30.2542 9.72321
4.15874e+37 30.2485 9.72546
4.3046e+37 30.2427 9.72774
4.4577e+37 30.2368 9.73005
4.6185e+37 30.2308 9.73239
4.78752e+37 30.2247 9.73477
4.96529e+37 30.2186 9.73718
5.15241e+37 30.2123 9.73963
5.34952e+37 30.206 9.74212
5.55731e+37 30.1995 9.74464
5.77653e+37 30.193 9.7472
6.008e+37 30.1863 9.74981
6.25261e+37 30.1796 9.75245
6.51135e+37 30.1727 9.75514
6.78526e+37 30.1657 9.75787
7.07552e+37 30.1586 9.76065
7.38339e+37 30.1514 9.76347
7.71026e+37 30.1441 9.76635
8.05769e+37 30.1366 9.76927
8.42734e+37 30.129 9.77225
8.82108e+37 30.1213 9.77528
9.24097e+37 30.1134 9.77837
9.68928e+37 30.1054 9.78152
1.01685e+38 30.0972 9.78473
1.06815e+38 30.0889 9.788
1.12314e+38 30.0804 9.79134
1.18216e+38 30.0717 9.79474
1.2456e+38 30.0629 9.79822
1.31391e+38 30.0539 9.80177
1.38757e+38 30.0446 9.8054
1.46713e+38 30.0352 9.80912
1.55323e+38 30.0256 9.81291
1.64658e+38 30.0157 9.8168
1.74798e+38 30.0057 9.82079
1.85836e+38 29.9954 9.82487
1.9788e+38 29.9848 9.82906
2.1105e+38 29.974 9.83336
2.2549e+38 29.9628 9.83778
2.41366e+38 29.9514 9.84232
2.5887e+38 29.9397 9.847
2.78232e+38 29.9276 9.85182
2.99725e+38 29.9152 9.85679
3.23673e+38 29.9024 9.86193
3.50472e+38 29.8892 9.86725
3.80607e+38 29.8756 9.87278
4.14681e+38 29.8614 9.87852
4.53458e+38 29.8467 9.88451
4.97931e+38 29.8315 9.89078
5.49432e+38 29.8156 9.89738
6.09827e+38 29.7989 9.90438
6.81922e+38 29.7813 9.91189
7.70445e+38 29.7627 9.92009
8.85438e+38 29.7428 9.92944
1.07345e+39 29.7209 9.9424
1.25717e+39 29.6961 9.95304
1.43776e+39 29.6616 9.96209
1.63214e+39 29.6333 9.97065
1.84589e+39 29.6092 9.97896
2.08266e+39 29.5864 9.98712
2.3459e+39 29.5642 9.99517
2.63921e+39 29.5425 10.0031
2.96649e+39 29.521 10.0111
3.33201e+39 29.4998 10.0189
3.74051e+39 29.4787 10.0268
4.19724e+39 29.4577 10.0346
4.70804e+39 29.4368 10.0424
5.27945e+39 29.4159 10.0502
5.91874e+39 29.3951 10.058
6.63405e+39 29.3743 10.0657
7.43446e+39 29.3536 10.0735
8.33011e+39 29.3328 10.0813
9.33233e+39 29.3121 10.089
1.04538e+40 29.2914 10.0968
1.17087e+40 29.2707 10.1045
1.31128e+40 29.25 10.1123
1.46837e+40 29.2293 10.12
1.64413e+40 29.2087 10.1277
1.84075e+40 29.188 10.1355
2.06071e+40 29.1673 10.1432
2.30675e+40 29.1466 10.151
2.58194e+40 29.1259 10.1587
2.88973e+40 29.1052 10.1664
3.23395e+40 29.0845 10.1742
3.61888e+40 29.0638 10.1819
4.0493e+40 29.0431 10.1897
4.53055e+40 29.0224 10.1974
5.06861e+40 29.0017 10.2051
5.67012e+40 28.981 10.2129
6.34253e+40 28.9603 10.2206
7.09412e+40 28.9396 10.2284
7.93416e+40 28.9188 10.2361
8.87299e+40 28.8981 10.2438
9.92214e+40 28.8774 10.2516
1.10945e+41 28.8567 10.2593
1.24044e+41 28.8359 10.2671
1.38679e+41 28.8152 10.2748
1.55029e+41 28.7944 10.2825
1.73293e+41 28.7737 10.2903
1.93694e+41 28.7529 10.298
2.1648e+41 28.7321 10.3058
2.41927e+41 28.7114 10.3135
2.70346e+41 28.6906 10.3212
3.02079e+41 28.6698 10.329
3.37512e+41 28.6491 10.3367
3.77071e+41 28.6283 10.3445
4.21235e+41 28.6075 10.3522
4.70535e+41 28.5867 10.36
5.25565e+41 28.5659 10.3677
5.86985e+41 28.5451 10.3754
6.55532e+41 28.5243 10.3832
7.32028e+41 28.5035 10.3909
8.17388e+41 28.4827 10.3987
9.12631e+41 28.4619 10.4064
1.01889e+42 28.441 10.4142
1.13744e+42 28.4202 10.4219
1.26968e+42 28.3994 10.4297
1.41719e+42 28.3785 10.4374
1.58171e+42 28.3577 10.4452
1.76519e+42 28.3369 10.4529
1.96981e+42 28.316 10.4606
2.19798e+42 28.2952 10.4684
2.45238e+42 28.2743 10.4761
2.73602e+42 28.2534 10.4839
3.05223e+42 28.2326 10.4916
3.40472e+42 28.2117 10.4994
3.79763e+42 28.1908 10.5071
4.23555e+42 28.1699 10.5149
4.7236e+42 28.1491 10.5226
5.26748e+42 28.1282 10.5304
5.87353e+42 28.1073 10.5381
6.5488e+42 28.0864 10.5459
7.30114e+42 28.0655 10.5536
8.13928e+42 28.0446 10.5614
9.07293e+42 28.0236 10.5691
1.01129e+43 28.0027 10.5769
1.12712e+43 27.9818 10.5846
1.25612e+43 27.9609 10.5924
1.39977e+43 27.94 10.6001
1.55973e+43 27.919 10.6079
1.73783e+43 27.8981 10.6156
1.93613e+43 27.8771 10.6234
2.15688e+43 27.8562 10.6311
2.40261e+43 27.8352 10.6389
2.67613e+43 27.8143 10.6466
2.98056e+43 27.7933 10.6544
3.31936e+43 27.7723 10.6621
3.69639e+43 27.7514 10.6699
4.11591e+43 27.7304 10.6777
4.5827e+43 27.7094 10.6854
5.10202e+43 27.6884 10.6932
5.67976e+43 27.6674 10.7009
6.32242e+43 27.6465 10.7087
7.03725e+43 27.6255 10.7164
7.83228e+43 27.6044 10.7242
8.71646e+43 27.5834 10.7319
9.6997e+43 27.5624 10.7397
1.0793e+44 27.5414 10.7474
1.20086e+44 27.5204 10.7552
1.33601e+44 27.4994 10.763
1.48624e+44 27.4783 10.7707
1.65325e+44 27.4573 10.7785
1.83888e+44 27.4362 10.7862
2.04519e+44 27.4152 10.794
2.27447e+44 27.3941 10.8017
2.52925e+44 27.3731 10.8095
2.81235e+44 27.352 10.8173
3.1269e+44 27.331 10.825
3.47636e+44 27.3099 10.8328
3.86456e+44 27.2888 10.8405
4.29578e+44 27.2677 10.8483
4.77475e+44 27.2467 10.8561
5.3067e+44 27.2256 10.8638
5.89745e+44 27.2045 10.8716
6.55345e+44 27.1834 10.8793
7.28185e+44 27.1623 10.8871
8.09058e+44 27.1412 10.8949
8.98841e+44 27.12 10.9026
9.9851e+44 27.0989 10.9104
1.10914e+45 27.0778 10.9181
1.23194e+45 27.0567 10.9259
1.36822e+45 27.0355 10.9337
1.51946e+45 27.0144 10.9414
1.68728e+45 26.9933 10.9492
1.87349e+45 26.9721 10.9569
2.08008e+45 26.951 10.9647
2.30928e+45 26.9298 10.9725
2.56353e+45 26.9086 10.9802
2.84555e+45 26.8875 10.988
3.15834e+45 26.8663 10.9958
3.50524e+45 26.8451 11.0035
3.88993e+45 26.824 11.0113
4.31651e+45 26.8028 11.0191
4.78948e+45 26.7816 11.0268
5.31386e+45 26.7604 11.0346
5.89519e+45 26.7392 11.0423
6.5396e+45 26.718 11.0501
7.25387e+45 26.6968 11.0579
8.04552e+45 26.6755 11.0656
8.92286e+45 26.6543 11.0734
9.89509e+45 26.6331 11.0812
1.09724e+46 26.6119 11.0889
1.2166e+46 26.5906 11.0967
1.34884e+46 26.5694 11.1045
1.49533e+46 26.5481 11.1122
1.65761e+46 26.5269 11.12
1.83735e+46 26.5056 11.1278
2.03641e+46 26.4844 11.1355
2.25687e+46 26.4631 11.1433
2.50099e+46 26.4418 11.1511
2.7713e+46 26.4206 11.1589
3.07058e+46 26.3993 11.1666
3.40191e+46 26.378 11.1744
3.76869e+46 26.3567 11.1822
4.17469e+46 26.3354 11.1899
4.62405e+46 26.3141 11.1977
5.12138e+46 26.2928 11.2055
5.67174e+46 26.2715 11.2132
6.28075e+46 26.2502 11.221
6.9546e+46 26.2288 11.2288
7.70013e+46 26.2075 11.2366
8.5249e+46 26.1862 11.2443
9.43727e+46 26.1648 11.2521
1.04464e+47 26.1435 11.2599
1.15626e+47 26.1221 11.2676
1.2797e+47 26.1008 11.2754
1.41621e+47 26.0794 11.2832
1.56715e+47 26.0581 11.291
1.73404e+47 26.0367 11.2987
1.91855e+47 26.0153 11.3065
2.12252e+47 25.9939 11.3143
2.348e+47 25.9726 11.3221
2.59721e+47 25.9512 11.3298
2.87265e+47 25.9298 11.3376
3.17704e+47 25.9084 11.3454
3.51341e+47 25.887 11.3532
3.88508e+47 25.8655 11.3609
4.29572e+47 25.8441 11.3687
4.74939e+47 25.8227 11.3765
5.25054e+47 25.8013 11.3843
5.80412e+47 25.7798 11.392
6.41554e+47 25.7584 11.3998
7.0908e+47 25.737 11.4076
7.83651e+47 25.7155 11.4154
8.65994e+47 25.6941 11.4231
9.56913e+47 25.6726 11.4309
1.05729e+48 25.6511 11.4387
1.16811e+48 25.6297 11.4465
1.29043e+48 25.6082 11.4543
1.42546e+48 25.5867 11.462
1.57448e+48 25.5652 11.4698
1.73894e+48 25.5437 11.4776
1.92043e+48 25.5222 11.4854
2.12069e+48 25.5007 11.4932
2.34164e+48 25.4792 11.5009
2.5854e+48 25.4577 11.5087
2.85431e+48 25.4362 11.5165
3.15093e+48 25.4147 11.5243
3.4781e+48 25.3931 11.5321
3.83893e+48 25.3716 11.5398
4.23686e+48 25.3501 11.5476
4.67565e+48 25.3285 11.5554
5.15947e+48 25.307 11.5632
5.69289e+48 25.2854 11.571
6.28095e+48 25.2638 11.5787
6.9292e+48 25.2423 11.5865
7.64374e+48 25.2207 11.5943
8.43128e+48 25.1991 11.6021
9.2992e+48 25.1775 11.6099
1.02556e+49 25.1559 11.6177
1.13095e+49 25.1343 11.6254
1.24707e+49 25.1127 11.6332
1.375e+49 25.0911 11.641
1.51593e+49 25.0695 11.6488
1.67117e+49 25.0479 11.6566
1.84216e+49 25.0263 11.6644
2.03048e+49 25.0047 11.6721
2.23786e+49 24.983 11.6799
2.46623e+49 24.9614 11.6877
2.71768e+49 24.9397 11.6955
2.99453e+49 24.9181 11.7033
3.29931e+49 24.8964 11.7111
3.63481e+49 24.8748 11.7189
4.00411e+49 24.8531 11.7266
4.41057e+49 24.8314 11.7344
4.85789e+49 24.8097 11.7422
5.35014e+49 24.788 11.75
5.89179e+49 24.7663 11.7578
6.48776e+49 24.7447 11.7656
7.14342e+49 24.7229 11.7734
7.86471e+49 24.7012 11.7812
8.65811e+49 24.6795 11.789
9.53079e+49 24.6578 11.7967
1.04906e+50 24.6361 11.8045
1.1546e+50 24.6143 11.8123
1.27067e+50 24.5926 11.8201
1.39829e+50 24.5709 11.8279
1.53859e+50 24.5491 11.8357
1.69284e+50 24.5273 11.8435
1.8624e+50 24.5056 11.8513
2.04878e+50 24.4838 11.8591
2.25362e+50 24.462 11.8669
2.47874e+50 24.4403 11.8746
2.72613e+50 24.4185 11.8824
2.99796e+50 24.3967 11.8902
3.29662e+50 24.3749 11.898
3.62474e+50 24.3531 11.9058
3.9852e+50 24.3313 11.9136
4.38114e+50 24.3095 11.9214
4.81602e+50 24.2876 11.9292
5.29363e+50 24.2658 11.937
5.81813e+50 24.244 11.9448
6.39408e+50 24.2221 11.9526
7.02646e+50 24.2003 11.9604
7.72074e+50 24.1784 11.9682
8.48294e+50 24.1566 11.976
9.31961e+50 24.1347 11.9838
1.0238e+51 24.1129 11.9915
1.12459e+51 24.091 11.9993
1.2352e+51 24.0691 12.0071
1.35658e+51 24.0472 12.0149
1.48977e+51 24.0253 12.0227
1.63589e+51 24.0034 12.0305
1.79621e+51 23.9815 12.0383
1.97206e+51 23.9596 12.0461
2.16496e+51 23.9377 12.0539
2.37653e+51 23.9158 12.0617
2.60856e+51 23.8938 12.0695
2.86301e+51 23.8719 12.0773
3.14202e+51 23.8499 12.0851
3.44793e+51 23.828 12.0929
3.78332e+51 23.806 12.1007
4.15098e+51 23.7841 12.1085
4.554e+51 23.7621 12.1163
4.99573e+51 23.7401 12.1241
5.47986e+51 23.7182 12.1319
6.0104e+51 23.6962 12.1397
6.59176e+51 23.6742 12.1475
7.22876e+51 23.6522 12.1553
7.92666e+51 23.6302 12.1631
8.69121e+51 23.6082 12.1709
9.52871e+51 23.5861 12.1787
1.04461e+52 23.5641 12.1865
1.14508e+52 23.5421 12.1943
1.2551e+52 23.5201 12.2021
1.37559e+52 23.498 12.2099
1.50752e+52 23.476 12.2177
1.65197e+52 23.4539 12.2255
1.8101e+52 23.4318 12.2333
1.9832e+52 23.4098 12.2411
2.17268e+52 23.3877 12.2489
2.38007e+52 23.3656 12.2567
2.60703e+52 23.3435 12.2645
2.8554e+52 23.3214 12.2723
3.12716e+52 23.2993 12.2801
3.42451e+52 23.2772 12.2879
3.74982e+52 23.2551 12.2957
4.10569e+52 23.233 12.3036
4.49495e+52 23.2109 12.3114
4.92071e+52 23.1887 12.3192
5.38635e+52 23.1666 12.327
5.89556e+52 23.1444 12.3348
6.45237e+52 23.1223 12.3426
7.06117e+52 23.1001 12.3504
7.72677e+52 23.078 12.3582
8.4544e+52 23.0558 12.366
9.24978e+52 23.0336 12.3738
1.01191e+53 23.0114 12.3816
1.10693e+53 22.9892 12.3894
1.21076e+53 22.967 12.3972
1.32422e+53 22.9448 12.405
1.4482e+53 22.9226 12.4128
1.58364e+53 22.9004 12.4207
1.73161e+53 22.8782 12.4285
1.89325e+53 22.856 12.4363
2.0698e+53 22.8337 12.4441
2.26262e+53 22.8115 12.4519
2.4732e+53 22.7892 12.4597
2.70315e+53 22.767 12.4675
2.95423e+53 22.7447 12.4753
3.22837e+53 22.7224 12.4831
3.52764e+53 22.7001 12.4909
3.85433e+53 22.6779 12.4988
4.21091e+53 22.6556 12.5066
4.6001e+53 22.6333 12.5144
5.02484e+53 22.611 12.5222
5.48833e+53 22.5886 12.53
5.99407e+53 22.5663 12.5378
6.54585e+53 22.544 12.5456
7.14783e+53 22.5217 12.5534
7.8045e+53 22.4993 12.5613
8.52079e+53 22.477 12.5691
9.30202e+53 22.4546 12.5769
1.0154e+54 22.4323 12.5847
1.10831e+54 22.4099 12.5925
1.20962e+54 22.3875 12.6003
1.32008e+54 22.3651 12.6081
1.4405e+54 22.3427 12.6159
1.57178e+54 22.3203 12.6238
1.71487e+54 22.2979 12.6316
1.87083e+54 22.2755 12.6394
2.0408e+54 22.2531 12.6472
2.22603e+54 22.2307 12.655
2.42786e+54 22.2083 12.6628
2.64776e+54 22.1858 12.6707
2.88734e+54 22.1634 12.6785
3.14832e+54 22.1409 12.6863
3.43261e+54 22.1185 12.6941
3.74224e+54 22.096 12.7019
4.07946e+54 22.0735 12.7097
4.44669e+54 22.051 12.7176
4.84656e+54 22.0285 12.7254
5.28194e+54 22.006 12.7332
5.75594e+54 21.9835 12.741
6.27194e+54 21.961 12.7488
6.83362e+54 21.9385 12.7567
7.44496e+54 21.916 12.7645
8.1103e+54 21.8935 12.7723
8.83434e+54 21.8709 12.7801
9.6222e+54 21.8484 12.7879
1.04794e+55 21.8258 12.7958
1.1412e+55 21.8033 12.8036
1.24266e+55 21.7807 12.8114
1.35302e+55 21.7581 12.8192
1.47305e+55 21.7355 12.827
1.60359e+55 21.7129 12.8349
1.74556e+55 21.6903 12.8427
1.89993e+55 21.6677 12.8505
2.06777e+55 21.6451 12.8583
2.25025e+55 21.6225 12.8661
2.44862e+55 21.5999 12.874
2.66425e+55 21.5772 12.8818
2.89862e+55 21.5546 12.8896
3.15333e+55 21.5319 12.8974
3.43013e+55 21.5093 12.9053
3.73091e+55 21.4866 12.9131
4.05771e+55 21.4639 12.9209
4.41276e+55 21.4413 12.9287
4.79847e+55 21.4186 12.9366
5.21743e+55 21.3959 12.9444
5.67249e+55 21.3732 12.9522
6.1667e+55 21.3505 12.96
6.7034e+55 21.3278 12.9679
7.28617e+55 21.305 12.9757
7.91893e+55 21.2823 12.9835
8.60589e+55 21.2596 12.9913
9.35164e+55 21.2368 12.9992
1.01611e+56 21.214 13.007
1.10397e+56 21.1913 13.0148
1.19933e+56 21.1685 13.0226
1.30281e+56 21.1457 13.0305
1.41509e+56 21.1229 13.0383
1.53691e+56 21.1001 13.0461
1.66908e+56 21.0773 13.054
1.81246e+56 21.0545 13.0618
1.96799e+56 21.0317 13.0696
2.13667e+56 21.0089 13.0774
2.31962e+56 20.9861 13.0853
2.518e+56 20.9632 13.0931
2.73312e+56 20.9404 13.1009
2.96636e+56 20.9175 13.1088
3.21922e+56 20.8946 13.1166
3.49333e+56 20.8718 13.1244
3.79045e+56 20.8489 13.1322
4.11248e+56 20.826 13.1401
4.46149e+56 20.8031 13.1479
4.83969e+56 20.7802 13.1557
5.24949e+56 20.7573 13.1636
5.6935e+56 20.7343 13.1714
6.17452e+56 20.7114 13.1792
6.6956e+56 20.6885 13.1871
7.26002e+56 20.6655 13.1949
7.87133e+56 20.6426 13.2027
8.53337e+56 20.6196 13.2106
9.25028e+56 20.5966 13.2184
1.00265e+57 20.5737 13.2262
1.0867e+57 20.5507 13.2341
1.17769e+57 20.5277 13.2419
1.27618e+57 20.5047 13.2497
1.38279e+57 20.4817 13.2576
1.49817e+57 20.4586 13.2654
1.62304e+57 20.4356 13.2732
1.75817e+57 20.4126 13.2811
1.90437e+57 20.3895 13.2889
2.06255e+57 20.3665 13.2967
2.23368e+57 20.3434 13.3046
2.41879e+57 20.3203 13.3124
2.61901e+57 20.2973 13.3203
2.83555e+57 20.2742 13.3281
3.06973e+57 20.2511 13.3359
3.32296e+57 20.228 13.3438
3.59675e+57 20.2049 13.3516
3.89277e+57 20.1817 13.3594
4.21277e+57 20.1586 13.3673
4.55868e+57 20.1355 13.3751
4.93256e+57 20.1123 13.383
5.33662e+57 20.0892 13.3908
5.77328e+57 20.066 13.3986
6.24512e+57 20.0428 13.4065
6.75492e+57 20.0197 13.4143
7.30569e+57 19.9965 13.4221
7.90066e+57 19.9733 13.43
8.54334e+57 19.9501 13.4378
9.23747e+57 19.9269 13.4457
9.98712e+57 19.9036 13.4535
1.07967e+58 19.8804 13.4614
1.16708e+58 19.8572 13.4692
1.26145e+58 19.8339 13.477
1.36334e+58 19.8107 13.4849
1.47332e+58 19.7874 13.4927
1.59204e+58 19.7641 13.5006
1.72017e+58 19.7408 13.5084
1.85845e+58 19.7175 13.5162
2.00766e+58 19.6942 13.5241
2.16866e+58 19.6709 13.5319
2.34236e+58 19.6476 13.5398
2.52975e+58 19.6243 13.5476
2.73189e+58 19.6009 13.5555
2.94992e+58 19.5776 13.5633
3.18506e+58 19.5542 13.5711
3.43864e+58 19.5309 13.579
3.71208e+58 19.5075 13.5868
4.00691e+58 19.4841 13.5947
4.32476e+58 19.4607 13.6025
4.66741e+58 19.4373 13.6104
5.03676e+58 19.4139 13.6182
5.43484e+58 19.3905 13.6261
5.86387e+58 19.367 13.6339
6.3262e+58 19.3436 13.6418
6.82437e+58 19.3202 13.6496
7.3611e+58 19.2967 13.6575
7.93934e+58 19.2732 13.6653
8.56224e+58 19.2498 13.6731
9.23317e+58 19.2263 13.681
9.95578e+58 19.2028 13.6888
1.0734e+59 19.1793 13.6967
1.1572e+59 19.1558 13.7045
1.24743e+59 19.1322 13.7124
1.34457e+59 19.1087 13.7202
1.44915e+59 19.0852 13.7281
1.56172e+59 19.0616 13.7359
1.68289e+59 19.0381 13.7438
1.81329e+59 19.0145 13.7516
1.95362e+59 18.9909 13.7595
2.10462e+59 18.9673 13.7673
2.26708e+59 18.9437 13.7752
2.44187e+59 18.9201 13.783
2.6299e+59 18.8965 13.7909
2.83214e+59 18.8729 13.7987
3.04967e+59 18.8492 13.8066
3.2836e+59 18.8256 13.8144
3.53516e+59 18.8019 13.8223
3.80565e+59 18.7783 13.8301
4.09647e+59 18.7546 13.838
4.4091e+59 18.7309 13.8459
4.74517e+59 18.7072 13.8537
5.10638e+59 18.6835 13.8616
5.4946e+59 18.6598 13.8694
5.91179e+59 18.6361 13.8773
6.36008e+59 18.6124 13.8851
6.84174e+59 18.5886 13.893
7.35922e+59 18.5649 13.9008
7.91511e+59 18.5411 13.9087
8.51221e+59 18.5173 13.9165
9.15353e+59 18.4935 13.9244
9.84226e+59 18.4698 13.9323
1.05819e+60 18.446 13.9401
1.1376e+60 18.4221 13.948
1.22286e+60 18.3983 13.9558
1.31439e+60 18.3745 13.9637
1.41265e+60 18.3506 13.9715
1.5181e+60 18.3268 13.9794
1.63129e+60 18.3029 13.9872
1.75275e+60 18.2791 13.9951
1.88308e+60 18.2552 14.003
2.02292e+60 18.2313 14.0108
2.17295e+60 18.2074 14.0187
2.33388e+60 18.1835 14.0265
2.50651e+60 18.1595 14.0344
2.69166e+60 18.1356 14.0423
2.89022e+60 18.1117 14.0501
3.10314e+60 18.0877 14.058
3.33144e+60 18.0637 14.0658
3.57621e+60 18.0398 14.0737
3.83861e+60 18.0158 14.0816
4.11988e+60 17.9918 14.0894
4.42136e+60 17.9678 14.0973
4.74446e+60 17.9437 14.1051
5.0907e+60 17.9197 14.113
5.46171e+60 17.8957 14.1209
5.85922e+60 17.8716 14.1287
6.28508e+60 17.8476 14.1366
6.74126e+60 17.8235 14.1445
7.22989e+60 17.7994 14.1523
7.75322e+60 17.7753 14.1602
8.31367e+60 17.7512 14.168
8.9138e+60 17.7271 14.1759
9.55637e+60 17.703 14.1838
1.02443e+61 17.6788 14.1916
1.09807e+61 17.6547 14.1995
1.1769e+61 17.6305 14.2074
1.26128e+61 17.6064 14.2152
1.35157e+61 17.5822 14.2231
1.4482e+61 17.558 14.231
1.55158e+61 17.5338 14.2388
1.6622e+61 17.5096 14.2467
1.78053e+61 17.4854 14.2546
1.90712e+61 17.4611 14.2624
2.04251e+61 17.4369 14.2703
2.18731e+61 17.4126 14.2782
2.34215e+61 17.3884 14.286
2.50773e+61 17.3641 14.2939
2.68476e+61 17.3398 14.3018
2.87401e+61 17.3155 14.3096
3.07633e+61 17.2912 14.3175
3.29257e+61 17.2669 14.3254
3.52369e+61 17.2425 14.3332
3.77068e+61 17.2182 14.3411
4.0346e+61 17.1938 14.349
4.31659e+61 17.1695 14.3568
4.61786e+61 17.1451 14.3647
4.9397e+61 17.1207 14.3726
5.28346e+61 17.0963 14.3805
5.65062e+61 17.0719 14.3883
6.04273e+61 17.0474 14.3962
6.46144e+61 17.023 14.4041
6.90852e+61 16.9986 14.4119
7.38583e+61 16.9741 14.4198
7.89538e+61 16.9496 14.4277
8.43929e+61 16.9251 14.4356
9.01983e+61 16.9006 14.4434
9.63938e+61 16.8761 14.4513
1.03005e+62 16.8516 14.4592
1.1006e+62 16.8271 14.467
1.17586e+62 16.8025 14.4749
1.25616e+62 16.778 14.4828
1.34181e+62 16.7534 14.4907
1.43316e+62 16.7288 14.4985
1.5306e+62 16.7043 14.5064
1.6345e+62 16.6796 14.5143
1.74528e+62 16.655 14.5222
1.8634e+62 16.6304 14.53
1.98933e+62 16.6058 14.5379
2.12356e+62 16.5811 14.5458
2.26664e+62 16.5565 14.5537
2.41913e+62 16.5318 14.5615
2.58163e+62 16.5071 14.5694
2.75479e+62 16.4824 14.5773
2.93928e+62 16.4577 14.5852
3.13583e+62 16.433 14.5931
3.3452e+62 16.4082 14.6009
3.56821e+62 16.3835 14.6088
3.80573e+62 16.3587 14.6167
4.05867e+62 16.3339 14.6246
4.32801e+62 16.3092 14.6325
4.61479e+62 16.2844 14.6403
4.92009e+62 16.2596 14.6482
5.2451e+62 16.2347 14.6561
5.59104e+62 16.2099 14.664
5.95922e+62 16.185 14.6719
6.35105e+62 16.1602 14.6797
6.76799e+62 16.1353 14.6876
7.21161e+62 16.1104 14.6955
7.68357e+62 16.0855 14.7034
8.18564e+62 16.0606 14.7113
8.71968e+62 16.0357 14.7191
9.28766e+62 16.0108 14.727
9.8917e+62 15.9858 14.7349
1.0534e+63 15.9608 14.7428
1.12169e+63 15.9359 14.7507
1.1943e+63 15.9109 14.7586
1.27148e+63 15.8859 14.7664
1.35353e+63 15.8609 14.7743
1.44072e+63 15.8358 14.7822
1.53339e+63 15.8108 14.7901
1.63186e+63 15.7857 14.798
1.73648e+63 15.7607 14.8059
1.84764e+63 15.7356 14.8138
1.96572e+63 15.7105 14.8216
2.09114e+63 15.6854 14.8295
2.22436e+63 15.6603 14.8374
2.36583e+63 15.6351 14.8453
2.51605e+63 15.61 14.8532
2.67555e+63 15.5848 14.8611
2.84489e+63 15.5596 14.869
3.02465e+63 15.5345 14.8769
3.21546e+63 15.5093 14.8847
3.41798e+63 15.484 14.8926
3.6329e+63 15.4588 14.9005
3.86096e+63 15.4336 14.9084
4.10293e+63 15.4083 14.9163
4.35964e+63 15.3831 14.9242
4.63197e+63 15.3578 14.9321
4.92083e+63 15.3325 14.94
5.22719e+63 15.3072 14.9479
5.55209e+63 15.2818 14.9558
5.8966e+63 15.2565 14.9637
6.26188e+63 15.2312 14.9715
6.64914e+63 15.2058 14.9794
7.05966e+63 15.1804 14.9873
7.4948e+63 15.155 14.9952
7.95597e+63 15.1296 15.0031
8.44469e+63 15.1042 15.011
8.96256e+63 15.0787 15.0189
9.51126e+63 15.0533 15.0268
1.00926e+64 15.0278 15.0347
1.07083e+64 15.0024 15.0426
1.13606e+64 14.9769 15.0505
1.20513e+64 14.9514 15.0584
1.27829e+64 14.9258 15.0663
1.35574e+64 14.9003 15.0742
1.43776e+64 14.8747 15.0821
1.52458e+64 14.8492 15.09
1.61648e+64 14.8236 15.0979
1.71376e+64 14.798 15.1058
1.81671e+64 14.7724 15.1137
1.92566e+64 14.7468 15.1216
2.04094e+64 14.7211 15.1295
2.16291e+64 14.6955 15.1374
2.29193e+64 14.6698 15.1453
2.42842e+64 14.6441 15.1532
2.57278e+64 14.6184 15.1611
2.72545e+64 14.5927 15.169
2.88689e+64 14.567 15.1769
3.0576e+64 14.5413 15.1848
3.23808e+64 14.5155 15.1927
3.42887e+64 14.4897 15.2006
3.63054e+64 14.4639 15.2085
3.84369e+64 14.4381 15.2164
4.06895e+64 14.4123 15.2243
4.30699e+64 14.3865 15.2322
4.55849e+64 14.3607 15.2401
4.8242e+64 14.3348 15.248
5.1049e+64 14.3089 15.2559
5.40138e+64 14.283 15.2638
5.71452e+64 14.2571 15.2717
6.0452e+64 14.2312 15.2796
6.39438e+64 14.2053 15.2875
6.76306e+64 14.1793 15.2954
7.15228e+64 14.1533 15.3033
7.56314e+64 14.1273 15.3112
7.9968e+64 14.1013 15.3191
8.45448e+64 14.0753 15.3271
8.93746e+64 14.0493 15.335
9.44709e+64 14.0232 15.3429
9.98477e+64 13.9972 15.3508
1.0552e+65 13.9711 15.3587
1.11503e+65 13.945 15.3666
1.17814e+65 13.9189 15.3745
1.24469e+65 13.8928 15.3824
1.31487e+65 13.8666 15.3903
1.38887e+65 13.8405 15.3982
1.46689e+65 13.8143 15.4062
1.54913e+65 13.7881 15.4141
1.63582e+65 13.7619 15.422
1.72718e+65 13.7357 15.4299
1.82346e+65 13.7094 15.4378
1.92492e+65 13.6832 15.4457
2.03181e+65 13.6569 15.4536
2.14443e+65 13.6306 15.4616
2.26306e+65 13.6043 15.4695
2.388e+65 13.578 15.4774
2.51959e+65 13.5517 15.4853
2.65817e+65 13.5253 15.4932
2.80408e+65 13.4989 15.5011
2.95769e+65 13.4726 15.5091
3.11941e+65 13.4461 15.517
3.28964e+65 13.4197 15.5249
3.4688e+65 13.3933 15.5328
3.65735e+65 13.3668 15.5407
3.85575e+65 13.3404 15.5486
4.0645e+65 13.3139 15.5566
4.28412e+65 13.2874 15.5645
4.51514e+65 13.2609 15.5724
4.75814e+65 13.2343 15.5803
5.0137e+65 13.2078 15.5883
5.28245e+65 13.1812 15.5962
5.56504e+65 13.1546 15.6041
5.86214e+65 13.128 15.612
6.17448e+65 13.1014 15.6199
6.50278e+65 13.0748 15.6279
6.84785e+65 13.0481 15.6358
7.21048e+65 13.0214 15.6437
7.59155e+65 12.9947 15.6516
7.99192e+65 12.968 15.6596
8.41256e+65 12.9413 15.6675
8.85442e+65 12.9146 15.6754
9.31853e+65 12.8878 15.6834
9.80595e+65 12.861 15.6913
1.03178e+66 12.8342 15.6992
1.08553e+66 12.8074 15.7071
1.14196e+66 12.7806 15.7151
1.20119e+66 12.7537 15.723
1.26337e+66 12.7269 15.7309
1.32864e+66 12.7 15.7389
1.39713e+66 12.6731 15.7468
1.46899e+66 12.6462 15.7547
1.5444e+66 12.6193 15.7627
1.62351e+66 12.5923 15.7706
1.70649e+66 12.5653 15.7785
1.79353e+66 12.5383 15.7865
1.88481e+66 12.5113 15.7944
1.98053e+66 12.4843 15.8023
2.0809e+66 12.4573 15.8103
2.18613e+66 12.4302 15.8182
2.29644e+66 12.4031 15.8262
2.41207e+66 12.3761 15.8341
2.53325e+66 12.3489 15.842
2.66025e+66 12.3218 15.85
2.79332e+66 12.2947 15.8579
2.93274e+66 12.2675 15.8659
3.07881e+66 12.2403 15.8738
3.2318e+66 12.2131 15.8817
3.39205e+66 12.1859 15.8897
3.55988e+66 12.1587 15.8976
3.73561e+66 12.1314 15.9056
3.91961e+66 12.1041 15.9135
4.11225e+66 12.0768 15.9215
4.31389e+66 12.0495 15.9294
4.52496e+66 12.0222 15.9374
4.74585e+66 11.9948 15.9453
4.97701e+66 11.9675 15.9532
5.21887e+66 11.9401 15.9612
5.47192e+66 11.9127 15.9691
5.73664e+66 11.8853 15.9771
6.01352e+66 11.8578 15.985
6.30311e+66 11.8304 15.993
6.60596e+66 11.8029 16.0009
6.92262e+66 11.7754 16.0089
7.2537e+66 11.7479 16.0169
7.59981e+66 11.7204 16.0248
7.9616e+66 11.6928 16.0328
8.33974e+66 11.6653 16.0407
8.73491e+66 11.6377 16.0487
9.14784e+66 11.6101 16.0566
9.57928e+66 11.5824 16.0646
1.003e+67 11.5548 16.0725
1.05008e+67 11.5271 16.0805
1.09926e+67 11.4995 16.0885
1.15062e+67 11.4718 16.0964
1.20425e+67 11.4441 16.1044
1.26024e+67 11.4163 16.1124
1.3187e+67 11.3886 16.1203
1.37973e+67 11.3608 16.1283
1.44343e+67 11.333 16.1362
1.5099e+67 11.3052 16.1442
1.57927e+67 11.2774 16.1522
1.65166e+67 11.2496 16.1601
1.72717e+67 11.2217 16.1681
1.80595e+67 11.1938 16.1761
1.88812e+67 11.1659 16.184
1.97382e+67 11.138 16.192
2.06318e+67 11.1101 16.2
2.15637e+67 11.0821 16.208
2.25352e+67 11.0542 16.2159
2.3548e+67 11.0262 16.2239
2.46037e+67 10.9982 16.2319
2.5704e+67 10.9701 16.2399
2.68506e+67 10.9421 16.2478
2.80453e+67 10.914 16.2558
2.92901e+67 10.886 16.2638
3.05869e+67 10.8579 16.2718
3.19377e+67 10.8298 16.2798
3.33445e+67 10.8016 16.2877
3.48096e+67 10.7735 16.2957
3.63352e+67 10.7453 16.3037
3.79236e+67 10.7171 16.3117
3.95772e+67 10.6889 16.3197
4.12984e+67 10.6607 16.3277
4.30899e+67 10.6325 16.3356
4.49543e+67 10.6042 16.3436
4.68943e+67 10.576 16.3516
4.89128e+67 10.5477 16.3596
5.10127e+67 10.5194 16.3676
5.3197e+67 10.4911 16.3756
5.54689e+67 10.4627 16.3836
5.78316e+67 10.4344 16.3916
6.02885e+67 10.406 16.3996
6.2843e+67 10.3776 16.4076
6.54986e+67 10.3492 16.4156
6.82592e+67 10.3208 16.4236
7.11284e+67 10.2924 16.4316
7.41103e+67 10.2639 16.4396
7.72088e+67 10.2354 16.4476
8.04283e+67 10.207 16.4556
8.37729e+67 10.1785 16.4636
8.72473e+67 10.15 16.4716
9.08559e+67 10.1214 16.4796
9.46036e+67 10.0929 16.4876
9.84953e+67 10.0643 16.4956
1.02536e+68 10.0358 16.5036
1.06731e+68 10.0072 16.5117
1.11085e+68 9.97857 16.5197
1.15605e+68 9.94995 16.5277
1.20296e+68 9.92133 16.5357
1.25163e+68 9.89268 16.5437
1.30214e+68 9.86403 16.5518
1.35453e+68 9.83536 16.5598
1.40888e+68 9.80668 16.5678
1.46526e+68 9.77799 16.5758
1.52372e+68 9.74928 16.5838
1.58435e+68 9.72056 16.5919
1.64721e+68 9.69183 16.5999
1.71238e+68 9.66309 16.6079
1.77994e+68 9.63433 16.616
1.84996e+68 9.60557 16.624
1.92253e+68 9.57679 16.632
1.99773e+68 9.54801 16.6401
2.07565e+68 9.51921 16.6481
2.15637e+68 9.49041 16.6562
2.23999e+68 9.46159 16.6642
2.3266e+68 9.43277 16.6722
2.4163e+68 9.40394 16.6803
2.50919e+68 9.3751 16.6883
2.60537e+68 9.34625 16.6964
2.70494e+68 9.3174 16.7044
2.80801e+68 9.28853 16.7125
2.9147e+68 9.25967 16.7205
3.02511e+68 9.23079 16.7286
3.13937e+68 9.20191 16.7367
3.2576e+68 9.17303 16.7447
3.37991e+68 9.14414 16.7528
3.50644e+68 9.11525 16.7608
3.63731e+68 9.08635 16.7689
3.77266e+68 9.05745 16.777
3.91262e+68 9.02855 16.785
4.05735e+68 8.99965 16.7931
4.20697e+68 8.97074 16.8012
4.36165e+68 8.94184 16.8093
4.52152e+68 8.91294 16.8173
4.68675e+68 8.88404 16.8254
4.85751e+68 8.85513 16.8335
5.03394e+68 8.82624 16.8416
5.21622e+68 8.79734 16.8497
5.40453e+68 8.76845 16.8578
5.59903e+68 8.73957 16.8659
5.79992e+68 8.71069 16.8739
6.00737e+68 8.68182 16.882
6.22158e+68 8.65295 16.8901
6.44274e+68 8.6241 16.8982
6.67106e+68 8.59525 16.9063
6.90673e+68 8.56641 16.9145
7.14997e+68 8.53759 16.9226
7.40099e+68 8.50878 16.9307
7.66001e+68 8.47998 16.9388
7.92726e+68 8.4512 16.9469
8.20297e+68 8.42243 16.955
8.48737e+68 8.39368 16.9631
8.78071e+68 8.36495 16.9713
9.08323e+68 8.33624 16.9794
9.39519e+68 8.30755 16.9875
9.71684e+68 8.27888 16.9957
1.00485e+69 8.25024 17.0038
1.03903e+69 8.22162 17.0119
1.07427e+69 8.19303 17.0201
1.11058e+69 8.16446 17.0282
1.148e+69 8.13593 17.0364
1.18656e+69 8.10743 17.0445
1.22629e+69 8.07897 17.0527
1.26722e+69 8.05053 17.0608
1.30938e+69 8.02214 17.069
1.35281e+69 7.99379 17.0771
1.39753e+69 7.96547 17.0853
1.44358e+69 7.9372 17.0935
1.491e+69 7.90898 17.1016
1.53982e+69 7.8808 17.1098
1.59007e+69 7.85268 17.118
1.6418e+69 7.8246 17.1262
1.69504e+69 7.79658 17.1344
1.74984e+69 7.76862 17.1426
1.80622e+69 7.74072 17.1508
1.86423e+69 7.71288 17.159
1.92392e+69 7.6851 17.1672
1.98532e+69 7.6574 17.1754
2.04848e+69 7.62976 17.1836
2.11344e+69 7.6022 17.1918
2.18024e+69 7.57472 17.2
2.24894e+69 7.54732 17.2082
2.31958e+69 7.52 17.2164
2.39221e+69 7.49277 17.2247
2.46687e+69 7.46563 17.2329
2.54362e+69 7.43859 17.2411
2.62251e+69 7.41164 17.2494
2.70359e+69 7.3848 17.2576
2.78692e+69 7.35807 17.2659
2.87254e+69 7.33145 17.2741
2.96052e+69 7.30494 17.2824
3.05091e+69 7.27856 17.2907
3.14378e+69 7.2523 17.2989
3.23918e+69 7.22617 17.3072
3.33717e+69 7.20018 17.3155
3.43781e+69 7.17433 17.3238
3.54117e+69 7.14863 17.3321
3.64732e+69 7.12308 17.3403
3.75633e+69 7.09769 17.3486
3.86825e+69 7.07247 17.357
3.98317e+69 7.04741 17.3653
4.10115e+69 7.02253 17.3736
4.22226e+69 6.99784 17.3819
4.3466e+69 6.97334 17.3902
4.47422e+69 6.94904 17.3985
4.60521e+69 6.92495 17.4069
4.73965e+69 6.90107 17.4152
4.87763e+69 6.87742 17.4236
5.01923e+69 6.85399 17.4319
5.16453e+69 6.83081 17.4403
5.31364e+69 6.80787 17.4486
5.46663e+69 6.7852 17.457
5.62362e+69 6.76279 17.4654
5.78468e+69 6.74066 17.4737
5.94992e+69 6.71883 17.4821
6.11946e+69 6.69729 17.4905
6.29338e+69 6.67606 17.4989
6.4718e+69 6.65516 17.5073
6.65484e+69 6.63459 17.5157
6.8426e+69 6.61437 17.5241
7.0352e+69 6.59451 17.5326
7.23277e+69 6.57502 17.541
7.43544e+69 6.55592 17.5494
7.64332e+69 6.53723 17.5578
7.85656e+69 6.51895 17.5663
8.07529e+69 6.5011 17.5747
8.29965e+69 6.4837 17.5832
8.5298e+69 6.46677 17.5917
8.76587e+69 6.45032 17.6001
9.00803e+69 6.43436 17.6086
9.25644e+69 6.41893 17.6171
9.51126e+69 6.40403 17.6255
9.77266e+69 6.38969 17.634
1.00408e+70 6.37592 17.6425
1.03159e+70 6.36275 17.651
1.05982e+70 6.35019 17.6595
1.08878e+70 6.33828 17.668
1.11849e+70 6.32702 17.6765
1.14898e+70 6.31645 17.6851
1.18026e+70 6.30659 17.6936
1.21237e+70 6.29747 17.7021
1.24531e+70 6.2891 17.7106
1.27913e+70 6.28152 17.7191
1.31383e+70 6.27476 17.7277
1.34946e+70 6.26883 17.7362
1.38603e+70 6.26377 17.7448
1.42357e+70 6.2596 17.7533
1.46212e+70 6.25637 17.7618
1.5017e+70 6.25409 17.7704
1.54235e+70 6.2528 17.7789
1.5841e+70 6.2533 17.7875
1.62699e+70 6.25516 17.796
1.67106e+70 6.25814 17.8045
1.71634e+70 6.26228 17.8131
1.76287e+70 6.26759 17.8216
1.81069e+70 6.27413 17.8302
1.85985e+70 6.28193 17.8387
1.91039e+70 6.29101 17.8472
1.96235e+70 6.30143 17.8557
2.01579e+70 6.31321 17.8642
2.07074e+70 6.32638 17.8727
2.12727e+70 6.341 17.8812
2.18542e+70 6.35709 17.8897
2.24526e+70 6.37468 17.8982
2.30683e+70 6.39383 17.9067
2.3702e+70 6.41455 17.9151
2.43542e+70 6.4369 17.9235
2.50257e+70 6.4609 17.932
2.57172e+70 6.48658 17.9404
2.64292e+70 6.514 17.9487
2.71625e+70 6.54317 17.9571
2.7918e+70 6.57414 17.9655
2.86963e+70 6.60693 17.9738
2.94983e+70 6.64158 17.9821
3.03248e+70 6.67812 17.9904
3.11767e+70 6.71659 17.9986
3.20549e+70 6.75701 18.0068
3.29605e+70 6.79941 18.015
3.38944e+70 6.84382 18.0232
3.48576e+70 6.89027 18.0313
3.58512e+70 6.93879 18.0394
3.68764e+70 6.9894 18.0475
3.79343e+70 7.04213 18.0555
3.90263e+70 7.09701 18.0635
4.01535e+70 7.15406 18.0715
4.13175e+70 7.2133 18.0794
4.25195e+70 7.27477 18.0873
4.37611e+70 7.33847 18.0951
4.50438e+70 7.40445 18.1029
4.63694e+70 7.47271 18.1107
4.77394e+70 7.54328 18.1184
4.91558e+70 7.6162 18.1261
5.06205e+70 7.69147 18.1337
5.21354e+70 7.76913 18.1413
5.37027e+70 7.8492 18.1489
5.53246e+70 7.93171 18.1564
5.70035e+70 8.01668 18.1638
5.87418e+70 8.10414 18.1712
6.05422e+70 8.19412 18.1786
6.24074e+70 8.28666 18.1859
6.43405e+70 8.38177 18.1932
6.63443e+70 8.4795 18.2005
6.84224e+70 8.57989 18.2076
7.05782e+70 8.68296 18.2148
7.28153e+70 8.78876 18.2219
7.51377e+70 8.89733 18.2289
7.75497e+70 9.00871 18.236
8.00556e+70 9.12297 18.2429
8.26602e+70 9.24013 18.2499
8.53687e+70 9.36027 18.2567
8.81864e+70 9.48343 18.2636
9.11191e+70 9.60969 18.2704
9.41731e+70 9.7391 18.2772
9.7355e+70 9.87174 18.2839
1.00672e+71 10.0077 18.2906
1.04132e+71 10.147 18.2973
1.07743e+71 10.2898 18.3039
1.11514e+71 10.4362 18.3105
1.15455e+71 10.5863 18.317
1.19577e+71 10.7401 18.3236
1.2389e+71 10.8979 18.3301
1.28408e+71 11.0597 18.3366
1.33145e+71 11.2257 18.343
1.38114e+71 11.396 18.3494
1.43334e+71 11.5708 18.3559
1.48823e+71 11.7503 18.3622
1.546e+71 11.9348 18.3686
1.60689e+71 12.1243 18.375
1.67116e+71 12.3193 18.3814
1.7391e+71 12.52 18.3877
1.81104e+71 12.7268 18.3941
1.88738e+71 12.94 18.4005
1.96855e+71 13.16 18.4069
2.05509e+71 13.3875 18.4133
2.14716e+71 13.6231 18.4197
2.24333e+71 13.8663 18.4261
2.34376e+71 14.1125 18.4323
2.44863e+71 14.3618 18.4384
2.55813e+71 14.6139 18.4444
2.67247e+71 14.8689 18.4502
2.79186e+71 15.1267 18.456
2.91652e+71 15.3873 18.4617
3.04668e+71 15.6505 18.4673
3.18257e+71 15.9164 18.4728
3.32444e+71 16.1848 18.4781
3.47255e+71 16.4557 18.4834
3.62717e+71 16.7289 18.4887
3.78857e+71 17.0045 18.4938
3.95704e+71 17.2822 18.4988
4.13289e+71 17.5621 18.5038
4.31643e+71 17.844 18.5086
4.50797e+71 18.1279 18.5134
4.70786e+71 18.4135 18.5181
4.91644e+71 18.7009 18.5228
5.13407e+71 18.9898 18.5273
5.36112e+71 19.2802 18.5318
5.59798e+71 19.5719 18.5362
5.84506e+71 19.8648 18.5406
6.10275e+71 20.1587 18.5449
6.3715e+71 20.4535 18.5491
6.65173e+71 20.7491 18.5532
6.94391e+71 21.0451 18.5573
7.2485e+71 21.3416 18.5613
7.56598e+71 21.6382 18.5653
7.89685e+71 21.9349 18.5692
8.24163e+71 22.2313 18.573
8.60082e+71 22.5273 18.5768
8.97498e+71 22.8227 18.5806
9.36465e+71 23.1172 18.5842
9.7704e+71 23.4106 18.5879
1.01928e+72 23.7026 18.5914
1.06324e+72 23.993 18.595
1.10899e+72 24.2815 18.5984
1.15659e+72 24.5679 18.6018
1.20609e+72 24.8517 18.6052
1.25756e+72 25.1328 18.6085
1.31107e+72 25.4109 18.6118
1.36668e+72 25.6854 18.6151
1.42445e+72 25.9563 18.6183
1.48445e+72 26.223 18.6214
1.54675e+72 26.4852 18.6245
1.61141e+72 26.7425 18.6276
1.67849e+72 26.9946 18.6306
1.74807e+72 27.2411 18.6336
1.82021e+72 27.4814 18.6365
1.89497e+72 27.7152 18.6394
1.97242e+72 27.9421 18.6423
2.05261e+72 28.1615 18.6451
2.13561e+72 28.373 18.6479
2.22147e+72 28.5761 18.6507
2.31024e+72 28.7702 18.6534
2.40199e+72 28.9549 18.6561
2.49675e+72 29.1296 18.6587
2.59458e+72 29.2938 18.6614
2.69551e+72 29.4468 18.664
2.79957e+72 29.5881 18.6665
2.9068e+72 29.717 18.669
3.01722e+72 29.833 18.6715
3.13085e+72 29.9354 18.674
3.2477e+72 30.0236 18.6765
3.36776e+72 30.0968 18.6789
3.49103e+72 30.1544 18.6813
3.61749e+72 30.1956 18.6836
3.74712e+72 30.2198 18.6859
3.87987e+72 30.2261 18.6882
4.01576e+72 30.2261 18.6905
4.15476e+72 30.2139 18.6928
4.2968e+72 30.1824 18.695
4.44181e+72 30.1307 18.6972
4.58969e+72 30.058 18.6994
4.74034e+72 29.9636 18.7015
4.89363e+72 29.8466 18.7037
5.04943e+72 29.7062 18.7058
5.20757e+72 29.5414 18.7079
5.36789e+72 29.3515 18.7099
5.53019e+72 29.1356 18.712
5.69425e+72 28.8927 18.714
5.85984e+72 28.622 18.716
6.02672e+72 28.3227 18.718
6.19461e+72 27.9938 18.72
6.36321e+72 27.6345 18.7219
6.53222e+72 27.244 18.7238
6.7013e+72 26.8214 18.7257
6.8701e+72 26.366 18.7276
7.03824e+72 25.877 18.7295
7.20534e+72 25.3538 18.7313
7.37098e+72 24.7958 18.7332
7.53474e+72 24.2024 18.735
7.69618e+72 23.5734 18.7368
7.85485e+72 22.9087 18.7386
8.01029e+72 22.2082 18.7403
8.16205e+72 21.4723 18.7421
8.30964e+72 20.7018 18.7438
8.45262e+72 19.8981 18.7455
8.59053e+72 19.0629 18.7472
8.72295e+72 18.1991 18.7489
8.84947e+72 17.3108 18.7506
8.96973e+72 16.4035 18.7522
9.08344e+72 15.485 18.7538
9.19036e+72 14.5661 18.7554
9.29037e+72 13.6611 18.757
9.38346e+72 12.7899 18.7586
9.46971e+72 11.9785 18.7601
9.5493e+72 11.2602 18.7616
9.62219e+72 10.6749 18.763
9.6871e+72 10.2651 18.7643
9.74371e+72 10.0662 18.7655
9.80626e+72 10.187 18.7667
9.90203e+72 10.5296 18.7686
1.00069e+73 11.4153 18.7704
1.0125e+73 12.7306 18.7723
1.02541e+73 14.4252 18.774
1.03976e+73 16.3455 18.7757
1.05588e+73 18.4533 18.7774
1.074e+73 20.7308 18.7791
1.09439e+73 23.1642 18.7807
1.11729e+73 25.7436 18.7823
1.14297e+73 28.4627 18.7839
1.17173e+73 31.3176 18.7855
1.20388e+73 34.3061 18.787
1.23979e+73 37.4277 18.7886
1.2799e+73 40.6827 18.7902
1.32467e+73 44.0724 18.7917
1.37468e+73 47.5988 18.7933
1.43056e+73 51.2644 18.7949
1.49307e+73 55.0723 18.7964
1.56311e+73 59.026 18.798
1.64171e+73 63.1298 18.7995
1.73014e+73 67.3883 18.8011
1.82988e+73 71.8068 18.8026
1.94273e+73 76.3916 18.8042
2.07089e+73 81.1494 18.8058
2.21703e+73 86.0884 18.8074
2.38449e+73 91.2179 18.809
2.57747e+73 96.5491 18.8106
2.80129e+73 102.095 18.8122
3.06292e+73 107.874 18.8139
3.3716e+73 113.905 18.8155
3.74001e+73 120.219 18.8173
4.18631e+73 126.853 18.819
4.718e+73 133.865 18.8208
5.33021e+73 141.087 18.8226
6.03713e+73 148.237 18.8242
6.85619e+73 155.324 18.8259
7.8082e+73 162.356 18.8275
8.91804e+73 169.339 18.829
1.02156e+74 176.276 18.8306
1.1737e+74 183.166 18.8321
1.35257e+74 190.008 18.8336
1.56347e+74 196.798 18.8351
1.81283e+74 203.534 18.8365
2.10848e+74 210.211 18.838
2.46002e+74 216.824 18.8394
2.87918e+74 223.367 18.8408
3.38043e+74 229.834 18.8422
3.98157e+74 236.22 18.8436
4.70465e+74 242.517 18.845
5.57699e+74 248.719 18.8463
6.63263e+74 254.818 18.8477
7.91119e+74 260.808 18.849
9.45601e+74 266.669 18.8504
1.13268e+75 272.367 18.8517
1.35973e+75 277.899 18.853
1.63596e+75 283.263 18.8543
1.97277e+75 288.453 18.8556
2.38443e+75 293.465 18.8569
2.88873e+75 298.296 18.8582
3.50802e+75 302.939 18.8595
4.27033e+75 307.388 18.8608
5.21103e+75 311.639 18.862
6.37475e+75 315.684 18.8633
7.81804e+75 319.518 18.8646
9.61277e+75 323.134 18.8659
1.18505e+76 326.524 18.8671
1.46483e+76 329.682 18.8684
1.81565e+76 332.6 18.8697
2.25684e+76 335.27 18.871
2.81342e+76 337.685 18.8723
3.51787e+76 339.834 18.8736
4.41256e+76 341.711 18.875
5.55307e+76 343.304 18.8763
7.01271e+76 344.603 18.8777
8.88884e+76 345.597 18.879
1.13117e+77 346.274 18.8804
1.44572e+77 346.621 18.8818
1.85654e+77 346.622 18.8833
2.39742e+77 346.622 18.8848
3.11564e+77 346.258 18.8863
4.03397e+77 345.51 18.8878
5.17105e+77 344.352 18.8892
6.57501e+77 342.825 18.8906
8.30391e+77 340.999 18.892
1.04269e+78 338.902 18.8933
1.30264e+78 336.554 18.8946
1.62005e+78 333.972 18.896
2.0066e+78 331.169 18.8972
2.47621e+78 328.158 18.8985
3.04541e+78 324.95 18.8998
3.7339e+78 321.554 18.9011
4.56514e+78 317.978 18.9023
5.56715e+78 314.231 18.9036
6.77342e+78 310.316 18.9049
8.22423e+78 306.24 18.9061
9.96821e+78 302.007 18.9074
1.20646e+79 297.618 18.9087
1.45862e+79 293.074 18.91
1.7624e+79 288.374 18.9113
2.12941e+79 283.513 18.9126
2.57487e+79 278.485 18.914
3.11973e+79 273.276 18.9154
3.79488e+79 267.865 18.9169
4.65184e+79 262.216 18.9184
5.80121e+79 256.267 18.9201
7.27479e+79 249.892 18.9219
9.05809e+79 242.771 18.9238
1.08263e+80 235.254 18.9253
1.26713e+80 227.755 18.9266
1.46402e+80 221.475 18.928
1.67519e+80 215.774 18.9292
1.90181e+80 210.422 18.9304
2.1447e+80 205.331 18.9316
2.40458e+80 200.452 18.9327
2.68202e+80 195.756 18.9338
2.97754e+80 191.221 18.9349
3.29158e+80 186.832 18.936
3.62454e+80 182.576 18.9371
3.97677e+80 178.445 18.9381
4.34854e+80 174.431 18.9391
4.74012e+80 170.526 18.9401
5.1517e+80 166.726 18.9411
5.58345e+80 163.026 18.9421
6.03547e+80 159.422 18.9431
6.50785e+80 155.909 18.9441
7.00061e+80 152.486 18.945
7.51375e+80 149.147 18.946
8.04722e+80 145.891 18.9469
8.60094e+80 142.715 18.9478
9.1748e+80 139.617 18.9488
9.76863e+80 136.595 18.9497
1.03823e+81 133.645 18.9506
1.10155e+81 130.767 18.9515
1.1668e+81 127.959 18.9524
1.23396e+81 125.219 18.9533
1.30299e+81 122.544 18.9542
1.37387e+81 119.934 18.9551
1.44655e+81 117.387 18.9559
1.52101e+81 114.901 18.9568
1.5972e+81 112.475 18.9577
1.67508e+81 110.108 18.9586
1.75462e+81 107.798 18.9594
1.83576e+81 105.544 18.9603
1.91847e+81 103.345 18.9611
2.00269e+81 101.199 18.962
2.08839e+81 99.1063 18.9628
2.17551e+81 97.0644 18.9637
2.26402e+81 95.0727 18.9645
2.35386e+81 93.1301 18.9653
2.44498e+81 91.2356 18.9662
2.53734e+81 89.3881 18.967
2.6309e+81 87.5868 18.9678
2.7256e+81 85.8305 18.9686
2.82141e+81 84.1184 18.9695
2.91826e+81 82.4497 18.9703
3.01613e+81 80.8232 18.9711
3.11497e+81 79.2384 18.9719
3.21472e+81 77.6942 18.9727
3.31537e+81 76.1898 18.9735
3.41685e+81 74.7244 18.9743
3.51913e+81 73.2973 18.9751
3.62218e+81 71.9077 18.976
3.72596e+81 70.5547 18.9768
3.83042e+81 69.2377 18.9776
3.93555e+81 67.956 18.9783
4.0413e+81 66.7087 18.9791
4.14764e+81 65.4953 18.9799
4.25455e+81 64.3149 18.9807
4.36199e+81 63.1671 18.9815
4.46995e+81 62.051 18.9823
4.57839e+81 60.966 18.9831
4.6873e+81 59.9115 18.9839
4.79665e+81 58.8869 18.9847
4.90642e+81 57.8915 18.9854
5.01659e+81 56.9248 18.9862
5.12715e+81 55.9861 18.987
5.23809e+81 55.0749 18.9878
5.34939e+81 54.1905 18.9886
5.46103e+81 53.3324 18.9893
5.57302e+81 52.5 18.9901
5.68534e+81 51.6928 18.9909
5.79798e+81 50.9102 18.9916
5.91094e+81 50.1517 18.9924
6.02421e+81 49.4167 18.9932
6.1378e+81 48.7047 18.9939
6.25169e+81 48.0152 18.9947
6.3659e+81 47.3477 18.9955
6.48043e+81 46.7017 18.9962
6.59527e+81 46.0766 18.997
6.71043e+81 45.472 18.9978
6.82591e+81 44.8873 18.9985
6.94173e+81 44.3222 18.9993
7.05789e+81 43.776 19
7.17439e+81 43.2484 19.0008
7.29125e+81 42.7388 19.0016
7.40848e+81 42.2468 19.0023
7.52609e+81 41.7719 19.0031
7.64409e+81 41.3138 19.0038
7.76249e+81 40.8719 19.0046
7.88131e+81 40.4457 19.0053
8.00056e+81 40.035 19.0061
8.12026e+81 39.6391 19.0068
8.24042e+81 39.2578 19.0076
8.36106e+81 38.8906 19.0083
8.48219e+81 38.5371 19.0091
8.60383e+81 38.1968 19.0098
8.726e+81 37.8694 19.0106
8.84872e+81 37.5546 19.0113
8.972e+81 37.2518 19.012
9.09586e+81 36.9608 19.0128
9.22033e+81 36.6811 19.0135
9.34542e+81 36.4124 19.0143
9.47114e+81 36.1544 19.015
9.59753e+81 35.9066 19.0157
9.72459e+81 35.6688 19.0165
9.85235e+81 35.4407 19.0172
9.98083e+81 35.2218 19.018
1.011e+82 35.0119 19.0187
1.024e+82 34.8106 19.0194
1.03708e+82 34.6177 19.0202
1.05023e+82 34.4328 19.0209
1.06346e+82 34.2557 19.0216
1.07678e+82 34.0861 19.0223
1.09019e+82 33.9237 19.0231
1.10368e+82 33.7683 19.0238
1.11726e+82 33.6195 19.0245
1.13093e+82 33.4771 19.0253
1.14469e+82 33.3409 19.026
1.15855e+82 33.2107 19.0267
1.1725e+82 33.0862 19.0274
1.18656e+82 32.9672 19.0282
1.20071e+82 32.8534 19.0289
1.21496e+82 32.7448 19.0296
1.22932e+82 32.6409 19.0303
1.24378e+82 32.5418 19.031
1.25834e+82 32.4471 19.0318
1.27302e+82 32.3567 19.0325
1.2878e+82 32.2704 19.0332
1.3027e+82 32.1881 19.0339
1.31771e+82 32.1096 19.0346
1.33283e+82 32.0346 19.0353
1.34806e+82 31.9632 19.036
1.36341e+82 31.895 19.0367
1.37888e+82 31.8301 19.0375
1.39447e+82 31.7681 19.0382
1.41018e+82 31.7091 19.0389
1.42601e+82 31.6529 19.0396
1.44196e+82 31.5993 19.0403
1.45804e+82 31.5483 19.041
1.47424e+82 31.4997 19.0417
1.49056e+82 31.4535 19.0424
1.50701e+82 31.4095 19.0431
1.52358e+82 31.3675 19.0438
1.54028e+82 31.3277 19.0445
1.55711e+82 31.2897 19.0452
1.57407e+82 31.2536 19.0459
1.59116e+82 31.2193 19.0466
1.60837e+82 31.1866 19.0472
1.62571e+82 31.1555 19.0479
1.64319e+82 31.126 19.0486
1.66079e+82 31.098 19.0493
1.67852e+82 31.0713 19.05
1.69638e+82 31.046 19.0507
1.71437e+82 31.0219 19.0514
1.73248e+82 30.999 19.052
1.75073e+82 30.9773 19.0527
1.7691e+82 30.9567 19.0534
1.7876e+82 30.9371 19.0541
1.80623e+82 30.9185 19.0547
1.82498e+82 30.9009 19.0554
1.84385e+82 30.8841 19.0561
1.86284e+82 30.8682 19.0567
1.88196e+82 30.8532 19.0574
1.9012e+82 30.8389 19.058
1.92055e+82 30.8253 19.0587
1.94002e+82 30.8125 19.0594
1.9596e+82 30.8003 19.06
1.97929e+82 30.7887 19.0607
1.99909e+82 30.7778 19.0613
2.01899e+82 30.7674 19.062
2.039e+82 30.7576 19.0626
2.05911e+82 30.7483 19.0632
2.07931e+82 30.7395 19.0639
2.0996e+82 30.7311 19.0645
2.11998e+82 30.7232 19.0651
2.14044e+82 30.7157 19.0658
2.16097e+82 30.7086 19.0664
2.18158e+82 30.7019 19.067
2.20225e+82 30.6956 19.0676
2.22298e+82 30.6895 19.0682
2.24376e+82 30.6839 19.0688
2.26459e+82 30.6785 19.0694
2.28545e+82 30.6734 19.07
2.30635e+82 30.6686 19.0706
2.32726e+82 30.664 19.0712
2.34817e+82 30.6597 19.0718
2.36909e+82 30.6557 19.0724
2.38999e+82 30.6518 19.0729
2.41086e+82 30.6482 19.0735
2.43169e+82 30.6448 19.0741
2.45246e+82 30.6415 19.0746
2.47316e+82 30.6385 19.0752
2.49377e+82 30.6356 19.0757
2.51426e+82 30.6329 19.0762
2.53461e+82 30.6303 19.0768
2.5548e+82 30.6279 19.0773
2.5748e+82 30.6256 19.0778
2.59458e+82 30.6234 19.0783
2.61409e+82 30.6214 19.0788
2.63329e+82 30.6195 19.0793
2.65214e+82 30.6177 19.0797
2.67057e+82 30.616 19.0802
2.6885e+82 30.6144 19.0806
2.70584e+82 30.6129 19.081
2.72246e+82 30.6115 19.0814
2.73817e+82 30.6103 19.0818
2.75269e+82 30.6091 19.0822
2.76543e+82 30.608 19.0825
2.77619e+82 30.6071 19.0827
2.77619e+82 30.6065 19.0829
